,Date,Open,High,Low,Close,Volume
4110,2025-10-24,1.8,1.8,1.8,1.8,100
4109,2025-10-17,1.9,2.3,1.9,2.3,400
4108,2025-10-10,2.0,2.0,2.0,2.0,300
4107,2025-10-03,2.1,2.1,2.1,2.1,400
4106,2025-09-19,2.1,2.4,2.1,2.4,1100
4105,2025-09-12,2.2,2.2,2.2,2.2,13900
4104,2025-09-05,2.3,2.7,2.3,2.7,4800
4103,2025-08-29,2.8,2.8,2.4,2.8,13900
4102,2025-08-22,2.4,2.9,2.4,2.9,400
4101,2025-08-15,2.6,2.6,2.6,2.6,100
4100,2025-08-08,2.5,3.3,2.5,3.2,400
4099,2025-08-01,2.9,2.9,2.9,2.9,700
4098,2025-07-25,3.3,3.3,2.5,3.3,20700
4097,2025-07-18,2.9,3.6,2.9,3.6,4000
4096,2025-07-11,3.0,3.7,3.0,3.7,200
4095,2025-07-04,3.5,3.5,3.5,3.5,100
4094,2025-06-27,2.6,3.4,2.6,3.3,1200
4093,2025-06-20,2.9,3.0,2.9,3.0,200
4092,2025-06-13,2.8,3.6,2.8,3.6,500
4091,2025-06-06,3.4,3.4,2.9,2.9,400
4090,2025-05-30,2.8,3.5,2.8,2.8,1000
4089,2025-05-23,3.1,3.1,3.1,3.1,700
4088,2025-05-16,2.3,2.8,2.3,2.8,1100
4087,2025-05-09,2.5,2.5,2.5,2.5,400
4086,2025-04-25,2.3,2.8,2.3,2.8,1600
4085,2025-04-18,2.5,3.2,2.5,2.5,300
4084,2025-04-11,2.6,3.4,2.6,2.6,300
4083,2025-04-04,2.7,3.4,2.7,2.9,400
4082,2025-03-28,3.2,3.2,3.0,3.2,1700
4081,2025-03-21,2.6,3.0,2.6,3.0,200
4080,2025-03-14,3.7,3.7,2.9,2.9,600
4079,2025-03-07,3.0,3.7,3.0,3.7,200
4078,2025-02-21,3.1,3.4,3.1,3.4,400
4077,2025-02-14,3.5,3.5,3.5,3.5,1100
4076,2025-02-07,4.0,4.0,3.2,3.2,300
4075,2025-01-24,3.4,4.1,3.4,4.0,400
4074,2025-01-03,3.9,3.9,3.9,3.9,400
4073,2024-12-27,3.7,3.7,3.5,3.7,11500
4072,2024-12-20,3.6,3.6,3.6,3.6,500
4071,2024-12-06,3.9,3.9,3.6,3.6,4600
4070,2024-11-29,3.6,3.7,3.6,3.6,29700
4069,2024-11-22,3.8,3.8,3.6,3.7,13200
4068,2024-11-15,3.6,3.6,3.6,3.6,100
4067,2024-11-08,3.4,3.5,3.2,3.2,25300
4066,2024-10-25,3.5,3.5,3.1,3.1,900
4065,2024-10-18,3.2,3.2,3.0,3.2,500
4064,2024-10-11,3.2,3.2,3.2,3.2,300
4063,2024-10-04,3.2,3.3,3.2,3.3,4400
4062,2024-09-27,2.5,3.3,2.5,3.3,400
4061,2024-09-20,2.9,3.8,2.9,3.6,19000
4060,2024-09-13,3.4,3.9,3.4,3.9,1200
4059,2024-09-06,3.9,4.2,3.9,4.2,11100
4058,2024-08-30,4.0,4.2,4.0,4.2,200
4057,2024-08-23,4.0,4.4,3.9,3.9,10900
4056,2024-08-16,4.0,4.0,3.8,4.0,12100
4055,2024-08-09,3.6,3.9,3.6,3.6,28400
4054,2024-08-02,3.5,3.6,3.5,3.6,21500
4053,2024-07-26,2.9,3.3,2.9,3.3,11800
4052,2024-07-25,2.9,2.9,2.9,2.9,0
4051,2024-07-24,2.9,2.9,2.9,2.9,0
4050,2024-07-23,2.9,2.9,2.9,2.9,0
4049,2024-07-22,2.9,2.9,2.9,2.9,0
4048,2024-07-19,2.9,2.9,2.8,2.9,34810
4047,2024-07-18,2.6,2.6,2.6,2.6,0
4046,2024-07-17,2.6,2.6,2.6,2.6,0
4045,2024-07-16,2.6,2.6,2.6,2.6,0
4044,2024-07-15,2.6,2.6,2.6,2.6,0
4043,2024-07-12,2.4,2.6,2.4,2.6,14100
4042,2024-07-11,2.3,2.3,2.3,2.3,0
4041,2024-07-10,2.3,2.3,2.3,2.3,0
4040,2024-07-09,2.3,2.3,2.3,2.3,0
4039,2024-07-08,2.3,2.3,2.3,2.3,0
4038,2024-07-05,2.1,2.4,2.1,2.4,62600
4037,2024-07-04,2.1,2.1,2.1,2.1,0
4036,2024-07-03,2.1,2.1,2.1,2.1,0
4035,2024-07-02,2.1,2.1,2.1,2.1,0
4034,2024-07-01,2.1,2.1,2.1,2.1,0
4033,2024-06-28,1.9,2.1,1.9,2.1,162300
4032,2024-06-27,1.9,1.9,1.9,1.9,0
4031,2024-06-26,1.9,1.9,1.9,1.9,0
4030,2024-06-25,1.9,1.9,1.9,1.9,0
4029,2024-06-24,1.9,1.9,1.9,1.9,0
4028,2024-06-21,2.1,2.1,1.7,1.7,20100
4027,2024-06-20,2.0,2.0,2.0,2.0,0
4026,2024-06-19,2.0,2.0,2.0,2.0,0
4025,2024-06-18,2.0,2.0,2.0,2.0,0
4024,2024-06-17,2.0,2.0,2.0,2.0,0
4023,2024-06-14,1.9,2.1,1.8,2.0,114910
4022,2024-06-13,1.9,1.9,1.9,1.9,0
4021,2024-06-12,1.9,1.9,1.9,1.9,0
4020,2024-06-11,1.9,1.9,1.9,1.9,0
4019,2024-06-10,1.9,1.9,1.9,1.9,0
4018,2024-06-07,2.0,2.0,1.8,1.8,34600
4017,2024-06-06,1.7,1.7,1.7,1.7,0
4016,2024-06-05,1.7,1.7,1.7,1.7,0
4015,2024-05-22,1.8,1.8,1.7,1.7,76000
4014,2024-05-21,1.9,1.9,1.8,1.8,4000
4013,2024-05-20,1.7,1.9,1.7,1.9,9742
4012,2024-05-17,1.7,1.8,1.7,1.8,44800
4011,2024-05-16,1.6,1.8,1.6,1.8,113700
4010,2024-05-15,1.6,1.8,1.6,1.7,38000
4009,2024-05-14,1.8,1.9,1.7,1.7,81600
4008,2024-05-13,1.9,1.9,1.7,1.8,3747
4007,2024-05-10,1.8,1.9,1.8,1.8,5600
4006,2024-05-09,1.8,1.8,1.8,1.8,26307
4005,2024-05-08,1.8,1.9,1.7,1.9,14004
4004,2024-05-07,1.7,1.8,1.6,1.8,5300
4003,2024-05-06,1.8,1.8,1.7,1.7,20106
4002,2024-05-03,1.8,2.2,1.8,1.8,43710
4001,2024-05-02,2.0,2.0,2.0,2.0,19400
4000,2024-04-26,2.0,2.2,2.0,2.2,620
3999,2024-04-25,2.1,2.2,2.0,2.2,4300
3998,2024-04-24,2.0,2.0,2.0,2.0,600
3997,2024-04-23,1.9,1.9,1.9,1.9,600
3996,2024-04-22,2.0,2.0,1.8,1.8,600
3995,2024-04-19,2.3,2.4,2.0,2.0,11500
3994,2024-04-17,2.2,2.4,2.2,2.2,3100
3993,2024-04-16,2.0,2.2,2.0,2.2,2700
3992,2024-04-15,2.2,2.2,2.2,2.2,1100
3991,2024-04-12,2.4,2.4,2.2,2.2,10002
3990,2024-04-11,2.4,2.4,2.0,2.4,1000
3989,2024-04-10,2.0,2.4,2.0,2.2,5900
3988,2024-04-09,2.3,2.3,2.2,2.2,19900
3987,2024-04-08,2.4,2.4,2.4,2.4,6300
3986,2024-04-05,2.6,2.6,2.4,2.6,46400
3985,2024-04-04,2.6,2.6,2.3,2.6,18560
3984,2024-04-03,2.5,2.5,2.4,2.5,9200
3983,2024-04-02,2.5,2.7,2.5,2.5,63400
3982,2024-04-01,2.7,2.7,2.7,2.7,17400
3981,2024-03-29,2.7,2.9,2.5,2.9,7700
3980,2024-03-28,2.4,2.8,2.4,2.7,35700
3979,2024-03-27,2.5,2.6,2.3,2.6,6500
3978,2024-03-26,2.4,2.6,2.4,2.4,4900
3977,2024-03-25,2.5,2.5,2.4,2.4,300
3976,2024-03-22,2.3,2.5,2.3,2.3,10900
3975,2024-03-21,2.3,2.4,2.2,2.4,4700
3974,2024-03-20,2.3,2.5,2.3,2.3,23800
3973,2024-03-19,2.3,2.4,2.3,2.4,26800
3972,2024-03-18,2.6,2.8,2.4,2.4,12900
3971,2024-03-15,2.3,2.6,2.3,2.6,128600
3970,2024-03-14,2.6,2.7,2.4,2.5,55900
3969,2024-03-13,2.6,2.6,2.6,2.6,18300
3968,2024-03-12,2.7,2.8,2.5,2.8,400
3967,2024-03-11,2.7,2.7,2.7,2.7,100
3966,2024-03-08,2.9,2.9,2.7,2.7,9800
3965,2024-03-07,2.8,2.9,2.8,2.9,2600
3964,2024-03-06,2.7,2.8,2.7,2.7,11500
3963,2024-03-05,3.0,3.0,3.0,3.0,0
3962,2024-03-04,3.0,3.0,3.0,3.0,0
3961,2024-03-01,3.0,3.0,3.0,3.0,0
3960,2024-02-29,3.0,3.0,3.0,3.0,0
3959,2024-02-28,3.0,3.0,3.0,3.0,0
3958,2024-02-27,2.9,3.0,2.9,3.0,1000
3957,2024-02-26,2.9,2.9,2.9,2.9,100
3956,2024-02-23,2.9,2.9,2.8,2.9,4300
3955,2024-02-22,3.0,3.0,2.9,2.9,9500
3954,2024-02-21,3.0,3.0,3.0,3.0,3100
3953,2024-02-20,3.3,3.3,3.3,3.3,0
3952,2024-02-19,3.3,3.3,3.3,3.3,0
3951,2024-02-16,3.3,3.3,3.3,3.3,0
3950,2024-02-15,3.3,3.3,3.3,3.3,100
3949,2024-02-07,3.1,3.1,3.1,3.1,0
3948,2024-02-06,3.1,3.1,3.1,3.1,2100
3947,2024-02-05,2.9,2.9,2.9,2.9,800
3946,2024-02-02,3.2,3.2,3.2,3.2,2223
3945,2024-02-01,3.4,3.4,3.4,3.4,0
3944,2024-01-31,3.4,3.7,3.4,3.4,1300
3943,2024-01-30,3.4,3.4,3.4,3.4,0
3942,2024-01-29,3.4,3.4,3.4,3.4,100
3941,2024-01-26,3.2,3.2,3.2,3.2,0
3940,2024-01-25,3.2,3.2,3.2,3.2,100
3939,2024-01-24,3.0,3.0,3.0,3.0,100
3938,2024-01-23,2.8,2.8,2.8,2.8,100
3937,2024-01-22,3.0,3.0,3.0,3.0,2400
3936,2024-01-19,3.2,3.2,3.2,3.2,0
3935,2024-01-18,3.2,3.2,3.2,3.2,100
3934,2024-01-17,3.0,3.0,3.0,3.0,2200
3933,2024-01-16,3.0,3.0,3.0,3.0,0
3932,2024-01-15,3.0,3.0,3.0,3.0,7672
3931,2024-01-12,3.0,3.0,3.0,3.0,12100
3930,2024-01-11,3.3,3.3,3.3,3.3,0
3929,2024-01-10,3.3,3.3,3.3,3.3,0
3928,2024-01-09,3.3,3.3,3.3,3.3,500
3927,2024-01-08,3.1,3.1,3.1,3.1,1500
3926,2024-01-05,3.0,3.2,3.0,3.2,900
3925,2024-01-04,3.2,3.3,3.2,3.2,1600
3924,2024-01-03,3.2,3.2,3.2,3.2,300
3923,2024-01-02,3.0,3.2,3.0,3.2,2300
3922,2023-12-29,3.3,3.3,3.3,3.3,400
3921,2023-12-28,3.0,3.2,3.0,3.2,5300
3920,2023-12-27,3.3,3.3,3.3,3.3,0
3919,2023-12-26,3.2,3.3,3.2,3.3,200
3918,2023-12-25,3.3,3.3,3.3,3.3,0
3917,2023-12-22,3.3,3.3,3.3,3.3,0
3916,2023-12-21,3.3,3.3,3.3,3.3,0
3915,2023-12-20,3.3,3.3,3.3,3.3,0
3914,2023-12-19,3.3,3.3,3.3,3.3,200
3913,2023-12-18,3.3,3.3,3.3,3.3,600
3912,2023-12-15,3.1,3.2,3.1,3.2,3300
3911,2023-12-14,3.2,3.2,3.2,3.2,509
3910,2023-12-13,3.1,3.2,3.1,3.2,300
3909,2023-12-12,3.2,3.2,3.2,3.2,1000
3908,2023-12-11,3.2,3.2,3.2,3.2,1300
3907,2023-12-08,3.1,3.2,3.1,3.2,5800
3906,2023-12-07,3.2,3.2,3.2,3.2,500
3905,2023-12-06,3.2,3.3,3.2,3.3,1261
3904,2023-12-05,3.3,3.3,3.1,3.3,7700
3903,2023-12-04,3.1,3.3,3.1,3.3,400
3902,2023-12-01,3.3,3.3,3.1,3.3,5700
3901,2023-11-30,3.3,3.3,3.3,3.3,0
3900,2023-11-29,3.3,3.3,3.3,3.3,0
3899,2023-11-28,3.1,3.3,3.1,3.3,1400
3898,2023-11-27,3.3,3.3,3.3,3.3,141
3897,2023-11-24,3.2,3.3,3.2,3.2,1400
3896,2023-11-23,3.3,3.3,3.3,3.3,0
3895,2023-11-22,3.2,3.3,3.2,3.3,9550
3894,2023-11-21,3.4,3.4,3.1,3.4,300
3893,2023-11-20,3.2,3.2,3.1,3.1,6200
3892,2023-11-17,3.4,3.4,3.2,3.2,3100
3891,2023-11-16,3.2,3.2,3.2,3.2,7200
3890,2023-11-15,3.2,3.2,3.2,3.2,2800
3889,2023-11-14,3.2,3.2,3.2,3.2,300
3888,2023-11-13,3.2,3.4,3.2,3.4,10500
3887,2023-11-10,3.4,3.4,3.4,3.4,200
3886,2023-11-09,3.2,3.4,3.2,3.4,200
3885,2023-11-08,3.4,3.4,3.2,3.2,700
3884,2023-11-07,3.2,3.2,3.2,3.2,500
3883,2023-11-06,3.2,3.3,3.2,3.3,4300
3882,2023-11-03,3.3,3.3,3.3,3.3,100
3881,2023-11-02,3.2,3.2,3.2,3.2,100
3880,2023-11-01,3.5,3.5,3.5,3.5,0
3879,2023-10-31,3.2,3.5,3.2,3.5,200
3878,2023-10-30,3.2,3.2,3.2,3.2,3000
3877,2023-10-27,3.5,3.5,3.5,3.5,300
3876,2023-10-26,3.2,3.5,3.2,3.5,7400
3875,2023-10-25,3.5,3.5,3.5,3.5,200
3874,2023-10-24,3.2,3.5,3.2,3.5,700
3873,2023-10-23,3.5,3.5,3.5,3.5,100
3872,2023-10-20,3.8,3.8,3.8,3.8,191
3871,2023-10-19,3.5,3.5,3.5,3.5,0
3870,2023-10-18,3.4,3.5,3.3,3.5,12200
3869,2023-10-17,3.4,3.6,3.4,3.6,700
3868,2023-10-16,3.4,3.4,3.4,3.4,100
3867,2023-10-13,3.4,3.6,3.4,3.6,600
3866,2023-10-12,3.4,3.5,3.4,3.4,511
3865,2023-10-11,3.7,3.7,3.4,3.5,1100
3864,2023-10-10,3.5,3.5,3.4,3.4,300
3863,2023-10-09,3.5,3.5,3.5,3.5,500
3862,2023-10-06,3.4,3.5,3.4,3.5,400
3861,2023-10-05,3.4,3.5,3.4,3.5,300
3860,2023-10-04,3.5,3.5,3.5,3.5,200
3859,2023-10-03,3.4,3.5,3.4,3.5,400
3858,2023-10-02,3.6,3.6,3.6,3.6,200
3857,2023-09-29,3.6,3.6,3.6,3.6,300
3856,2023-09-28,3.5,3.5,3.4,3.4,300
3855,2023-09-27,3.4,3.6,3.4,3.6,3400
3854,2023-09-26,3.6,3.6,3.6,3.6,0
3853,2023-09-25,3.7,3.7,3.4,3.6,2800
3852,2023-09-22,3.6,3.6,3.6,3.6,2200
3851,2023-09-21,3.4,3.6,3.4,3.6,3000
3850,2023-09-20,3.5,3.5,3.5,3.5,1400
3849,2023-09-19,3.4,3.5,3.4,3.4,300
3848,2023-09-18,3.4,3.5,3.4,3.5,1600
3847,2023-09-15,3.4,3.5,3.4,3.5,1600
3846,2023-09-14,3.4,3.4,3.4,3.4,400
3845,2023-09-13,3.4,3.5,3.4,3.5,3400
3844,2023-09-12,3.4,3.5,3.4,3.5,5500
3843,2023-09-11,3.5,3.5,3.3,3.4,26700
3842,2023-09-08,3.7,3.7,3.5,3.6,2411
3841,2023-09-07,3.5,3.5,3.5,3.5,8300
3840,2023-09-06,3.9,3.9,3.6,3.7,13211
3839,2023-09-05,3.6,3.8,3.6,3.6,15600
3838,2023-08-31,3.8,3.8,3.6,3.6,6100
3837,2023-08-30,3.9,3.9,3.6,3.8,4061
3836,2023-08-29,3.6,3.8,3.6,3.6,4000
3835,2023-08-28,3.6,3.6,3.6,3.6,126
3834,2023-08-25,3.8,3.8,3.8,3.8,0
3833,2023-08-24,3.7,3.8,3.7,3.8,5211
3832,2023-08-23,3.6,3.6,3.6,3.6,1050
3831,2023-08-22,3.7,3.7,3.6,3.6,400
3830,2023-08-21,3.7,3.7,3.6,3.6,400
3829,2023-08-18,3.8,3.8,3.8,3.8,5300
3828,2023-08-17,3.8,3.8,3.7,3.8,2000
3827,2023-08-16,3.7,3.8,3.6,3.6,3030
3826,2023-08-15,3.7,3.7,3.6,3.7,3661
3825,2023-08-14,3.7,3.7,3.7,3.7,2100
3824,2023-08-11,3.6,3.8,3.6,3.8,2240
3823,2023-08-10,3.5,3.8,3.5,3.8,4310
3822,2023-08-09,3.7,3.8,3.7,3.8,1100
3821,2023-08-08,3.8,3.8,3.6,3.6,3600
3820,2023-08-07,3.7,3.8,3.7,3.8,1700
3819,2023-08-04,3.6,3.8,3.6,3.6,701
3818,2023-08-03,3.7,3.9,3.7,3.9,11000
3817,2023-08-02,3.6,3.7,3.6,3.7,2150
3816,2023-08-01,3.6,3.7,3.5,3.5,4305
3815,2023-07-31,3.6,3.6,3.6,3.6,500
3814,2023-07-28,3.7,3.7,3.7,3.7,700
3813,2023-07-27,3.8,3.9,3.8,3.9,3000
3812,2023-07-26,3.6,3.9,3.6,3.9,5621
3811,2023-07-25,3.6,3.6,3.6,3.6,1000
3810,2023-07-24,3.5,3.5,3.5,3.5,100
3809,2023-07-21,3.5,3.7,3.5,3.7,900
3808,2023-07-20,3.7,3.7,3.7,3.7,1103
3807,2023-07-19,3.6,3.7,3.6,3.7,1100
3806,2023-07-18,3.5,3.6,3.5,3.6,2040
3805,2023-07-17,3.7,3.7,3.5,3.5,3500
3804,2023-07-14,3.4,3.7,3.4,3.7,500
3803,2023-07-13,3.7,3.7,3.5,3.5,1100
3802,2023-07-12,3.7,3.7,3.7,3.7,0
3801,2023-07-11,3.6,3.7,3.6,3.7,600
3800,2023-07-10,3.6,3.6,3.6,3.6,0
3799,2023-07-07,3.6,3.6,3.6,3.6,1000
3798,2023-07-06,3.6,3.7,3.6,3.7,2200
3797,2023-07-05,3.6,3.6,3.6,3.6,0
3796,2023-07-04,3.5,3.6,3.4,3.6,5300
3795,2023-07-03,3.5,3.6,3.5,3.6,2300
3794,2023-06-30,3.5,3.6,3.5,3.6,1705
3793,2023-06-29,3.5,3.6,3.5,3.6,1300
3792,2023-06-28,3.6,3.6,3.6,3.6,310
3791,2023-06-27,3.7,3.7,3.7,3.7,2500
3790,2023-06-26,3.6,3.8,3.5,3.8,6627
3789,2023-06-23,3.8,3.8,3.8,3.8,38
3788,2023-06-22,3.8,3.8,3.6,3.8,5715
3787,2023-06-21,3.7,3.7,3.7,3.7,4444
3786,2023-06-20,3.7,3.8,3.7,3.8,27100
3785,2023-06-19,3.6,3.7,3.6,3.7,10522
3784,2023-06-16,3.7,3.7,3.6,3.6,5801
3783,2023-06-15,3.6,3.7,3.6,3.7,401
3782,2023-06-14,3.7,3.7,3.6,3.7,1400
3781,2023-06-13,3.6,3.7,3.6,3.7,3901
3780,2023-06-12,3.5,3.6,3.5,3.6,900
3779,2023-06-09,3.6,3.6,3.6,3.6,1000
3778,2023-06-08,3.7,3.7,3.7,3.7,75
3777,2023-06-07,3.6,3.7,3.5,3.7,5000
3776,2023-06-06,3.7,3.7,3.7,3.7,0
3775,2023-06-05,3.5,3.7,3.5,3.7,1100
3774,2023-06-02,3.7,3.7,3.7,3.7,0
3773,2023-06-01,3.5,3.7,3.5,3.7,3500
3772,2023-05-31,3.4,3.4,3.4,3.4,1500
3771,2023-05-30,3.4,3.4,3.4,3.4,1000
3770,2023-05-29,3.4,3.5,3.4,3.4,2200
3769,2023-05-26,3.5,3.5,3.5,3.5,0
3768,2023-05-25,3.5,3.5,3.5,3.5,0
3767,2023-05-24,3.5,3.5,3.5,3.5,200
3766,2023-05-23,3.5,3.5,3.5,3.5,0
3765,2023-05-22,3.5,3.5,3.5,3.5,0
3764,2023-05-19,3.5,3.5,3.5,3.5,100
3763,2023-05-18,3.5,3.5,3.5,3.5,31
3762,2023-05-17,3.4,3.5,3.4,3.5,1500
3761,2023-05-16,3.4,3.4,3.4,3.4,0
3760,2023-05-15,3.7,3.7,3.4,3.4,200
3759,2023-05-12,3.4,3.4,3.4,3.4,400
3758,2023-05-11,3.4,3.4,3.4,3.4,100
3757,2023-05-10,3.7,3.7,3.7,3.7,0
3756,2023-05-09,3.7,3.7,3.7,3.7,700
3755,2023-05-08,3.7,3.7,3.7,3.7,501
3754,2023-05-05,3.7,3.7,3.7,3.7,300
3753,2023-05-04,3.6,3.7,3.6,3.7,500
3752,2023-04-28,3.5,3.7,3.4,3.7,1900
3751,2023-04-27,3.5,3.5,3.5,3.5,200
3750,2023-04-26,3.7,3.7,3.7,3.7,300
3749,2023-04-25,3.5,3.7,3.5,3.7,600
3748,2023-04-24,3.7,3.7,3.7,3.7,300
3747,2023-04-21,3.7,3.7,3.7,3.7,300
3746,2023-04-20,3.7,3.7,3.7,3.7,200
3745,2023-04-19,3.5,3.7,3.5,3.7,300
3744,2023-04-18,3.7,3.7,3.7,3.7,205
3743,2023-04-17,3.5,3.7,3.4,3.7,1200
3742,2023-04-14,3.7,3.7,3.7,3.7,200
3741,2023-04-13,3.5,3.5,3.5,3.5,400
3740,2023-04-12,3.7,3.7,3.7,3.7,200
3739,2023-04-11,3.7,3.7,3.7,3.7,0
3738,2023-04-10,3.5,3.7,3.5,3.7,200
3737,2023-04-07,3.7,3.7,3.7,3.7,0
3736,2023-04-06,3.5,3.7,3.5,3.7,1900
3735,2023-04-05,3.7,3.7,3.7,3.7,0
3734,2023-04-04,3.7,3.7,3.7,3.7,0
3733,2023-04-03,3.7,3.7,3.7,3.7,0
3732,2023-03-31,3.5,3.7,3.5,3.7,200
3731,2023-03-30,3.5,3.7,3.5,3.7,900
3730,2023-03-29,3.5,3.7,3.4,3.7,9000
3729,2023-03-28,3.7,3.7,3.7,3.7,0
3728,2023-03-27,3.7,3.7,3.7,3.7,0
3727,2023-03-24,3.5,3.7,3.5,3.7,3400
3726,2023-03-23,3.7,3.7,3.7,3.7,0
3725,2023-03-22,3.7,3.7,3.7,3.7,0
3724,2023-03-21,3.7,3.7,3.7,3.7,0
3723,2023-03-20,3.7,3.7,3.7,3.7,0
3722,2023-03-17,3.7,3.7,3.7,3.7,0
3721,2023-03-16,3.7,3.7,3.7,3.7,0
3720,2023-03-15,3.5,3.7,3.5,3.7,1400
3719,2023-03-14,3.7,3.7,3.7,3.7,0
3718,2023-03-13,3.7,3.7,3.7,3.7,0
3717,2023-03-10,3.5,3.7,3.5,3.7,1400
3716,2023-03-09,3.7,3.7,3.7,3.7,0
3715,2023-03-08,3.7,3.7,3.7,3.7,0
3714,2023-03-07,3.7,3.7,3.7,3.7,0
3713,2023-03-06,3.7,3.7,3.7,3.7,0
3712,2023-03-03,3.7,3.7,3.7,3.7,900
3711,2023-03-02,3.5,3.7,3.5,3.7,200
3710,2023-03-01,3.7,3.7,3.7,3.7,0
3709,2023-02-28,3.7,3.7,3.7,3.7,0
3708,2023-02-27,3.7,3.7,3.7,3.7,0
3707,2023-02-24,3.7,3.7,3.7,3.7,0
3706,2023-02-23,3.5,3.7,3.5,3.7,900
3705,2023-02-22,3.6,3.6,3.5,3.5,4200
3704,2023-02-21,3.7,3.7,3.7,3.7,0
3703,2023-02-20,3.6,3.7,3.6,3.7,300
3702,2023-02-17,3.5,3.7,3.5,3.7,1500
3701,2023-02-16,3.6,3.7,3.6,3.7,1100
3700,2023-02-15,3.6,3.7,3.6,3.7,683
3699,2023-02-14,3.6,3.7,3.5,3.7,1100
3698,2023-02-13,3.7,3.7,3.7,3.7,0
3697,2023-02-10,3.6,3.7,3.6,3.7,200
3696,2023-02-09,3.7,3.7,3.7,3.7,0
3695,2023-02-08,3.6,3.7,3.6,3.7,2100
3694,2023-02-07,3.7,3.7,3.7,3.7,100
3693,2023-02-06,3.6,3.6,3.6,3.6,0
3692,2023-02-03,3.6,3.6,3.6,3.6,1600
3691,2023-02-02,3.9,3.9,3.9,3.9,0
3690,2023-02-01,3.6,3.9,3.6,3.9,3400
3689,2023-01-31,3.9,3.9,3.9,3.9,0
3688,2023-01-30,3.6,3.9,3.6,3.9,2400
3687,2023-01-27,3.9,3.9,3.9,3.9,0
3686,2023-01-19,3.9,3.9,3.9,3.9,0
3685,2023-01-18,3.6,3.9,3.6,3.9,2600
3684,2023-01-17,3.9,3.9,3.9,3.9,0
3683,2023-01-16,3.6,3.9,3.6,3.9,1800
3682,2023-01-13,3.9,3.9,3.9,3.9,0
3681,2023-01-12,3.9,3.9,3.9,3.9,0
3680,2023-01-11,3.9,3.9,3.9,3.9,0
3679,2023-01-10,3.9,3.9,3.9,3.9,0
3678,2023-01-09,3.9,3.9,3.9,3.9,0
3677,2023-01-06,3.9,3.9,3.9,3.9,0
3676,2023-01-05,3.9,3.9,3.9,3.9,0
3675,2023-01-04,3.9,3.9,3.9,3.9,400
3674,2023-01-03,3.9,3.9,3.9,3.9,0
3673,2022-12-30,3.9,3.9,3.9,3.9,50
3672,2022-12-29,3.9,3.9,3.9,3.9,0
3671,2022-12-28,3.9,3.9,3.9,3.9,0
3670,2022-12-27,3.6,3.9,3.6,3.9,900
3669,2022-12-26,3.9,3.9,3.9,3.9,0
3668,2022-12-23,3.9,3.9,3.9,3.9,300
3667,2022-12-22,3.7,4.0,3.6,4.0,500
3666,2022-12-21,4.0,4.0,4.0,4.0,0
3665,2022-12-20,3.7,4.0,3.6,4.0,6000
3664,2022-12-19,4.0,4.0,4.0,4.0,0
3663,2022-12-16,3.8,4.0,3.6,4.0,4400
3662,2022-12-15,3.7,4.0,3.7,4.0,800
3661,2022-12-14,4.0,4.0,4.0,4.0,0
3660,2022-12-13,3.8,4.0,3.6,4.0,4200
3659,2022-12-12,3.7,3.9,3.6,3.9,2700
3658,2022-12-09,3.7,3.9,3.6,3.9,5500
3657,2022-12-08,4.0,4.0,4.0,4.0,61
3656,2022-12-07,4.0,4.0,4.0,4.0,0
3655,2022-12-06,4.0,4.0,4.0,4.0,0
3654,2022-12-05,4.0,4.0,4.0,4.0,0
3653,2022-12-02,4.0,4.0,3.8,4.0,1600
3652,2022-12-01,4.0,4.0,4.0,4.0,300
3651,2022-11-30,3.7,4.0,3.7,4.0,700
3650,2022-11-29,3.6,3.9,3.6,3.9,400
3649,2022-11-28,3.7,3.8,3.7,3.8,700
3648,2022-11-25,3.8,3.8,3.8,3.8,161
3647,2022-11-24,3.6,3.6,3.6,3.6,1300
3646,2022-11-23,4.0,4.0,4.0,4.0,4
3645,2022-11-22,4.0,4.0,4.0,4.0,0
3644,2022-11-21,4.0,4.0,4.0,4.0,0
3643,2022-11-18,4.0,4.0,4.0,4.0,0
3642,2022-11-17,3.5,4.0,3.5,4.0,3000
3641,2022-11-16,3.7,3.7,3.7,3.7,500
3640,2022-11-15,3.8,3.8,3.8,3.8,0
3639,2022-11-14,3.8,3.8,3.8,3.8,0
3638,2022-11-11,3.8,3.8,3.8,3.8,0
3637,2022-11-10,3.6,3.8,3.6,3.8,700
3636,2022-11-09,3.9,3.9,3.9,3.9,0
3635,2022-11-08,3.9,3.9,3.9,3.9,0
3634,2022-11-07,3.8,3.9,3.6,3.9,4300
3633,2022-11-04,3.9,3.9,3.9,3.9,200
3632,2022-11-03,3.8,3.9,3.7,3.9,700
3631,2022-11-02,3.6,3.9,3.5,3.9,5889
3630,2022-11-01,3.6,3.8,3.6,3.8,4400
3629,2022-10-31,3.9,3.9,3.9,3.9,0
3628,2022-10-28,3.9,3.9,3.9,3.9,0
3627,2022-10-27,3.9,3.9,3.9,3.9,0
3626,2022-10-26,3.9,3.9,3.9,3.9,0
3625,2022-10-25,3.9,3.9,3.9,3.9,200
3624,2022-10-24,3.6,3.9,3.6,3.9,4700
3623,2022-10-21,3.6,3.9,3.6,3.9,11300
3622,2022-10-20,3.9,3.9,3.9,3.9,0
3621,2022-10-19,3.9,3.9,3.9,3.9,0
3620,2022-10-18,3.9,3.9,3.9,3.9,0
3619,2022-10-17,3.9,3.9,3.9,3.9,0
3618,2022-10-14,3.5,3.9,3.4,3.9,701
3617,2022-10-13,4.0,4.0,3.6,3.6,1900
3616,2022-10-12,3.6,4.0,3.6,4.0,600
3615,2022-10-11,3.7,3.7,3.7,3.7,100
3614,2022-10-10,3.5,3.8,3.4,3.8,1000
3613,2022-10-07,3.6,3.6,3.6,3.6,1700
3612,2022-10-06,3.9,3.9,3.9,3.9,100
3611,2022-10-05,3.7,3.7,3.7,3.7,1500
3610,2022-10-04,3.6,3.9,3.5,3.9,500
3609,2022-10-03,3.7,3.7,3.7,3.7,500
3608,2022-09-30,3.8,3.9,3.7,3.7,1500
3607,2022-09-29,4.1,4.1,4.1,4.1,0
3606,2022-09-28,3.7,4.1,3.7,4.1,200
3605,2022-09-27,4.1,4.1,4.1,4.1,0
3604,2022-09-26,3.9,4.1,3.7,4.1,4300
3603,2022-09-23,4.1,4.1,4.1,4.1,61
3602,2022-09-22,3.8,4.1,3.8,4.1,3100
3601,2022-09-21,4.1,4.1,4.1,4.1,100
3600,2022-09-20,4.0,4.0,4.0,4.0,100
3599,2022-09-19,3.7,3.9,3.6,3.9,1100
3598,2022-09-16,3.9,3.9,3.7,3.7,801
3597,2022-09-15,4.0,4.0,3.8,3.8,800
3596,2022-09-14,4.1,4.2,4.0,4.2,400
3595,2022-09-13,3.9,4.0,3.9,4.0,200
3594,2022-09-12,3.8,4.0,3.6,4.0,5200
3593,2022-09-09,3.8,3.8,3.8,3.8,100
3592,2022-09-08,3.9,4.2,3.8,3.8,3500
3591,2022-09-07,3.9,4.0,3.9,3.9,5200
3590,2022-09-06,3.9,4.0,3.9,3.9,7212
3589,2022-09-05,4.1,4.1,4.1,4.1,300
3588,2022-08-31,4.1,4.1,4.1,4.1,200
3587,2022-08-30,4.2,4.2,4.1,4.1,3709
3586,2022-08-29,4.4,4.4,4.4,4.4,100
3585,2022-08-26,4.1,4.4,3.9,4.4,10300
3584,2022-08-25,4.3,4.3,4.2,4.2,500
3583,2022-08-24,4.4,4.4,4.2,4.4,1700
3582,2022-08-23,4.4,4.4,4.4,4.4,310
3581,2022-08-22,4.2,4.2,4.2,4.2,200
3580,2022-08-19,4.1,4.1,4.1,4.1,0
3579,2022-08-18,4.1,4.2,4.1,4.1,1300
3578,2022-08-17,4.4,4.4,4.4,4.4,400
3577,2022-08-16,4.4,4.4,4.4,4.4,0
3576,2022-08-15,4.2,4.4,4.2,4.4,950
3575,2022-08-12,4.4,4.4,4.3,4.3,400
3574,2022-08-11,4.4,4.5,4.4,4.4,3500
3573,2022-08-10,4.4,4.4,4.4,4.4,2000
3572,2022-08-09,4.4,4.4,4.4,4.4,800
3571,2022-08-08,4.3,4.3,4.2,4.3,1100
3570,2022-08-05,4.2,4.3,4.2,4.3,600
3569,2022-08-04,4.4,4.4,4.3,4.3,200
3568,2022-08-03,4.3,4.4,4.3,4.4,200
3567,2022-08-02,4.2,4.6,3.9,4.3,6600
3566,2022-08-01,4.2,4.2,4.2,4.2,100
3565,2022-07-29,4.1,4.1,4.1,4.1,102
3564,2022-07-28,3.7,4.0,3.7,4.0,4200
3563,2022-07-27,4.0,4.0,3.9,3.9,900
3562,2022-07-26,4.4,4.4,4.1,4.1,800
3561,2022-07-25,3.9,4.4,3.9,4.4,200
3560,2022-07-22,4.3,4.4,4.2,4.3,800
3559,2022-07-21,4.2,4.4,4.2,4.4,500
3558,2022-07-20,4.0,4.3,3.9,4.3,4100
3557,2022-07-19,4.3,4.3,4.3,4.3,0
3556,2022-07-18,4.3,4.3,4.3,4.3,9
3555,2022-07-15,4.3,4.3,4.3,4.3,261
3554,2022-07-14,4.3,4.3,4.3,4.3,100
3553,2022-07-13,4.3,4.3,4.3,4.3,0
3552,2022-07-12,4.3,4.3,4.3,4.3,100
3551,2022-07-11,3.7,4.1,3.7,4.1,5800
3550,2022-07-08,3.8,4.0,3.8,4.0,2300
3549,2022-07-07,3.7,3.7,3.7,3.7,1700
3548,2022-07-06,3.9,3.9,3.9,3.9,0
3547,2022-07-05,3.9,3.9,3.8,3.9,3509
3546,2022-07-04,3.8,3.9,3.7,3.9,4400
3545,2022-07-01,3.9,3.9,3.6,3.8,13200
3544,2022-06-30,4.0,4.0,4.0,4.0,1000
3543,2022-06-29,4.0,4.0,4.0,4.0,6700
3542,2022-06-28,3.9,3.9,3.9,3.9,6000
3541,2022-06-27,3.9,4.0,3.9,4.0,9000
3540,2022-06-24,3.7,4.0,3.7,3.8,13700
3539,2022-06-23,3.8,4.1,3.7,4.1,12900
3538,2022-06-22,4.1,4.1,4.1,4.1,0
3537,2022-06-21,4.1,4.1,4.1,4.1,100
3536,2022-06-20,4.1,4.3,4.1,4.1,1000
3535,2022-06-17,4.3,4.3,4.3,4.3,400
3534,2022-06-16,4.3,4.6,4.3,4.4,6600
3533,2022-06-15,4.4,4.4,4.4,4.4,2300
3532,2022-06-14,4.3,4.4,4.3,4.4,1100
3531,2022-06-13,4.7,4.7,4.5,4.5,6400
3530,2022-06-10,4.8,4.8,4.6,4.7,3500
3529,2022-06-09,4.8,5.0,4.8,5.0,300
3528,2022-06-08,4.8,4.8,4.8,4.8,6600
3527,2022-06-07,4.7,5.0,4.7,4.8,3005
3526,2022-06-06,4.8,4.9,4.8,4.9,5100
3525,2022-06-03,5.0,5.0,5.0,5.0,1005
3524,2022-06-02,5.0,5.0,4.9,4.9,5300
3523,2022-06-01,4.8,5.2,4.8,5.0,9500
3522,2022-05-31,5.0,5.1,5.0,5.0,10310
3521,2022-05-30,5.0,5.2,5.0,5.2,6600
3520,2022-05-27,5.0,5.2,5.0,5.0,24900
3519,2022-05-26,5.1,5.2,5.0,5.0,11100
3518,2022-05-25,5.1,5.1,5.0,5.0,2900
3517,2022-05-24,5.0,5.1,5.0,5.1,700
3516,2022-05-23,5.2,5.2,5.2,5.2,0
3515,2022-05-20,5.0,5.3,5.0,5.2,5000
3514,2022-05-19,5.4,5.4,5.4,5.4,0
3513,2022-05-18,5.1,5.4,5.1,5.4,5000
3512,2022-05-17,5.3,5.3,5.3,5.3,1100
3511,2022-05-16,5.4,5.4,5.4,5.4,100
3510,2022-05-13,5.2,5.3,5.1,5.1,23500
3509,2022-05-12,5.5,5.7,5.3,5.6,14100
3508,2022-05-11,5.9,5.9,5.3,5.8,2200
3507,2022-05-10,5.3,5.5,5.3,5.5,15500
3506,2022-05-09,5.8,5.8,5.4,5.8,3700
3505,2022-05-06,5.6,5.9,5.5,5.8,5700
3504,2022-05-05,5.4,6.0,5.4,6.0,8909
3503,2022-05-04,5.8,5.8,5.8,5.8,2900
3502,2022-04-29,5.5,5.8,5.5,5.8,6000
3501,2022-04-28,5.7,5.8,5.7,5.7,2500
3500,2022-04-27,5.8,5.8,5.3,5.7,2500
3499,2022-04-26,5.7,5.7,5.5,5.7,2100
3498,2022-04-25,5.8,5.8,5.3,5.3,16600
3497,2022-04-22,5.4,5.9,5.4,5.8,7805
3496,2022-04-21,5.9,5.9,5.4,5.4,24400
3495,2022-04-20,5.3,5.9,5.3,5.9,3600
3494,2022-04-19,5.8,6.0,5.6,5.6,34006
3493,2022-04-18,6.6,6.8,6.2,6.2,47843
3492,2022-04-15,6.3,6.8,6.0,6.8,21800
3491,2022-04-14,6.8,6.8,6.4,6.6,4600
3490,2022-04-13,6.6,6.9,6.5,6.5,8200
3489,2022-04-12,6.5,7.1,6.5,6.9,28300
3488,2022-04-08,7.1,7.1,6.5,6.5,27900
3487,2022-04-07,7.1,7.7,6.9,7.1,49000
3486,2022-04-06,7.1,7.7,7.1,7.3,33900
3485,2022-04-05,8.0,8.0,7.3,7.3,102308
3484,2022-04-04,7.5,8.5,7.5,8.1,15838
3483,2022-04-01,7.3,8.5,7.3,8.1,24190
3482,2022-03-31,7.5,9.1,7.5,8.0,105108
3481,2022-03-30,8.3,8.8,8.3,8.3,104966
3480,2022-03-29,10.2,10.2,9.2,9.2,57913
3479,2022-03-28,10.3,10.3,8.6,10.2,197864
3478,2022-03-25,9.4,9.4,9.4,9.4,269829
3477,2022-03-24,8.6,8.6,8.6,8.6,79040
3476,2022-03-23,7.9,7.9,7.9,7.9,95482
3475,2022-03-22,6.6,7.2,6.6,7.2,102900
3474,2022-03-21,6.7,6.7,6.5,6.6,14863
3473,2022-03-18,6.6,6.7,6.5,6.7,9000
3472,2022-03-17,6.7,6.7,6.6,6.6,8400
3471,2022-03-16,6.3,6.8,6.3,6.8,22064
3470,2022-03-15,6.4,6.4,6.3,6.3,21100
3469,2022-03-14,6.6,6.7,6.4,6.6,5200
3468,2022-03-11,6.7,6.7,6.7,6.7,2400
3467,2022-03-10,6.7,6.8,6.7,6.7,13500
3466,2022-03-09,6.6,6.7,6.3,6.7,33200
3465,2022-03-08,6.5,6.7,6.5,6.7,18400
3464,2022-03-07,6.9,6.9,6.8,6.9,4022
3463,2022-03-04,6.6,6.8,6.6,6.8,1000
3462,2022-03-03,6.4,6.7,6.3,6.3,54100
3461,2022-03-02,6.4,6.4,6.3,6.3,12100
3460,2022-03-01,6.5,6.5,6.5,6.5,600
3459,2022-02-28,6.3,6.4,6.2,6.4,1122
3458,2022-02-25,6.6,6.7,6.6,6.7,200
3457,2022-02-24,6.9,6.9,6.6,6.6,14000
3456,2022-02-23,7.0,7.0,6.7,6.7,1900
3455,2022-02-22,6.7,6.7,6.6,6.6,6200
3454,2022-02-21,6.6,6.7,6.6,6.7,11924
3453,2022-02-18,6.7,6.7,6.7,6.7,7900
3452,2022-02-17,6.5,6.8,6.5,6.6,1710
3451,2022-02-16,6.5,6.6,6.5,6.5,4243
3450,2022-02-15,6.7,6.7,6.5,6.5,335
3449,2022-02-14,6.5,6.7,6.5,6.5,1000
3448,2022-02-11,6.5,6.8,6.5,6.8,5554
3447,2022-02-10,6.9,6.9,6.9,6.9,937
3446,2022-02-09,6.4,6.9,6.4,6.4,17744
3445,2022-02-08,7.0,7.0,6.6,6.6,200
3444,2022-02-07,7.0,7.0,7.0,7.0,500
3443,2022-01-28,7.0,7.0,7.0,7.0,735
3442,2022-01-27,6.6,6.7,6.6,6.7,2336
3441,2022-01-26,6.4,6.4,6.1,6.1,1400
3440,2022-01-25,6.5,6.5,6.4,6.4,1144
3439,2022-01-24,7.0,7.0,6.7,6.7,400
3438,2022-01-21,6.7,7.1,6.7,7.1,6913
3437,2022-01-20,6.1,6.7,6.1,6.7,1400
3436,2022-01-19,5.9,6.2,5.9,6.1,600
3435,2022-01-18,6.4,6.5,6.4,6.4,2100
3434,2022-01-17,7.0,7.0,7.0,7.0,1000
3433,2022-01-14,7.0,7.0,6.8,7.0,2800
3432,2022-01-13,7.7,7.7,7.4,7.5,16000
3431,2022-01-12,7.7,7.7,7.6,7.7,9540
3430,2022-01-11,8.2,8.5,8.0,8.0,57640
3429,2022-01-10,7.4,8.2,7.4,8.1,27726
3428,2022-01-07,7.5,7.5,7.5,7.5,5000
3427,2022-01-06,7.6,7.6,7.5,7.5,9100
3426,2022-01-05,7.6,7.6,7.3,7.6,9426
3425,2022-01-04,7.9,7.9,7.5,7.6,2800
3424,2021-12-31,7.2,7.9,7.2,7.9,1100
3423,2021-12-30,8.5,8.5,7.2,7.5,13800
3422,2021-12-29,8.1,8.1,7.9,7.9,2960
3421,2021-12-28,7.2,7.4,7.2,7.4,400
3420,2021-12-27,8.0,8.0,8.0,8.0,0
3419,2021-12-24,8.0,8.1,8.0,8.0,5800
3418,2021-12-23,8.0,8.0,7.9,8.0,17400
3417,2021-12-22,8.0,8.0,8.0,8.0,8900
3416,2021-12-21,7.5,8.0,7.5,8.0,7200
3415,2021-12-20,8.1,8.1,8.0,8.0,2600
3414,2021-12-17,7.4,8.1,7.4,8.1,25300
3413,2021-12-16,7.7,7.7,7.1,7.4,14400
3412,2021-12-15,7.9,7.9,7.7,7.7,3300
3411,2021-12-14,8.0,8.0,7.9,7.9,3600
3410,2021-12-13,7.5,8.2,7.4,8.0,6800
3409,2021-12-10,7.5,8.2,7.5,8.2,2612
3408,2021-12-09,8.3,8.3,7.6,8.3,6900
3407,2021-12-08,7.4,8.4,7.4,8.4,4100
3406,2021-12-07,8.8,9.1,8.2,8.2,7300
3405,2021-12-06,9.2,9.2,8.3,9.1,25186
3404,2021-12-03,9.4,10.1,9.0,9.2,77300
3403,2021-12-02,9.3,9.4,8.7,9.4,28706
3402,2021-12-01,7.8,8.6,7.8,8.6,38635
3401,2021-11-30,7.8,7.9,7.8,7.9,16800
3400,2021-11-29,7.8,8.0,7.5,7.9,15400
3399,2021-11-26,7.7,7.9,7.0,7.9,27000
3398,2021-11-25,7.9,7.9,7.5,7.7,1000
3397,2021-11-24,7.8,8.0,7.8,8.0,5202
3396,2021-11-23,7.5,7.8,7.5,7.8,1600
3395,2021-11-22,7.7,8.3,7.6,8.3,16800
3394,2021-11-19,9.0,9.1,8.2,8.4,20018
3393,2021-11-18,8.0,8.8,7.2,8.8,80100
3392,2021-11-17,7.5,8.0,7.4,8.0,32900
3391,2021-11-16,8.4,8.4,7.6,8.2,22500
3390,2021-11-15,7.2,8.4,7.2,8.4,28060
3389,2021-11-12,7.0,7.7,6.7,7.7,27256
3388,2021-11-11,6.9,7.2,6.8,7.2,28428
3387,2021-11-10,7.1,7.2,6.7,7.0,29700
3386,2021-11-09,6.8,7.1,6.8,7.0,800
3385,2021-11-08,6.5,7.1,6.5,7.1,19010
3384,2021-11-05,6.8,6.9,6.7,6.8,42646
3383,2021-11-04,7.4,8.0,7.0,7.0,26850
3382,2021-11-03,6.9,7.4,6.9,7.4,82990
3381,2021-11-02,6.2,6.8,6.2,6.8,78171
3380,2021-11-01,6.1,6.2,6.1,6.2,5050
3379,2021-10-29,6.2,6.2,6.1,6.1,7400
3378,2021-10-28,6.1,6.2,6.1,6.2,12200
3377,2021-10-27,5.7,6.1,5.7,6.1,12382
3376,2021-10-26,6.0,6.0,6.0,6.0,0
3375,2021-10-25,6.0,6.0,6.0,6.0,0
3374,2021-10-22,6.0,6.0,6.0,6.0,0
3373,2021-10-21,6.0,6.0,6.0,6.0,0
3372,2021-10-20,5.4,6.0,5.4,6.0,300
3371,2021-10-19,5.9,6.0,5.5,6.0,800
3370,2021-10-18,6.0,6.0,6.0,6.0,200
3369,2021-10-15,5.8,5.9,5.7,5.9,6800
3368,2021-10-14,5.5,5.9,5.5,5.9,1047
3367,2021-10-13,6.0,6.0,5.7,5.9,3600
3366,2021-10-12,5.7,6.0,5.5,5.9,2600
3365,2021-10-11,5.7,5.7,5.4,5.7,5100
3364,2021-10-08,5.8,6.0,5.5,5.8,5000
3363,2021-10-07,5.7,6.0,5.7,6.0,500
3362,2021-10-06,5.9,6.0,5.3,5.8,1700
3361,2021-10-05,5.8,5.8,5.8,5.8,800
3360,2021-10-04,5.5,5.9,5.5,5.9,200
3359,2021-10-01,5.5,6.0,5.5,5.9,1100
3358,2021-09-30,5.5,6.1,5.5,6.1,1500
3357,2021-09-29,5.6,6.1,5.6,6.1,1278
3356,2021-09-28,5.6,6.1,5.5,6.1,2400
3355,2021-09-27,5.8,6.1,5.8,6.1,5102
3354,2021-09-24,6.3,6.3,5.7,6.3,1300
3353,2021-09-23,6.2,6.3,6.2,6.3,5039
3352,2021-09-22,5.7,6.1,5.7,6.1,35440
3351,2021-09-21,5.8,5.8,5.6,5.6,5200
3350,2021-09-20,5.6,5.8,5.6,5.8,1100
3349,2021-09-17,5.7,5.8,5.5,5.8,9110
3348,2021-09-16,5.5,5.7,5.5,5.7,4224
3347,2021-09-15,5.6,5.6,5.3,5.5,26240
3346,2021-09-14,5.2,5.7,5.2,5.6,9661
3345,2021-09-13,5.0,5.4,5.0,5.4,4200
3344,2021-09-10,4.9,5.4,4.9,5.4,13810
3343,2021-09-09,5.0,5.4,5.0,5.4,300
3342,2021-09-08,5.4,5.4,5.4,5.4,0
3341,2021-09-07,5.4,5.4,5.4,5.4,0
3340,2021-09-06,5.4,5.4,5.4,5.4,0
3339,2021-09-01,5.4,5.4,5.4,5.4,0
3338,2021-08-31,5.4,5.4,5.4,5.4,4
3337,2021-08-30,5.3,5.4,5.3,5.4,217
3336,2021-08-27,5.4,5.4,5.4,5.4,20
3335,2021-08-26,5.4,5.4,5.4,5.4,26
3334,2021-08-25,4.9,5.4,4.9,5.4,6200
3333,2021-08-24,5.4,5.4,5.4,5.4,0
3332,2021-08-23,5.4,5.4,5.4,5.4,0
3331,2021-08-20,4.9,5.4,4.9,5.4,9300
3330,2021-08-19,5.4,5.4,5.4,5.4,0
3329,2021-08-18,5.4,5.4,5.4,5.4,101
3328,2021-08-17,5.4,5.4,5.4,5.4,1
3327,2021-08-16,5.4,5.4,5.4,5.4,1
3326,2021-08-13,5.4,5.4,5.4,5.4,17
3325,2021-08-12,5.4,5.4,5.4,5.4,20
3324,2021-08-11,4.9,5.4,4.9,5.4,2813
3323,2021-08-10,5.4,5.4,5.4,5.4,0
3322,2021-08-09,5.4,5.4,5.4,5.4,0
3321,2021-08-06,5.0,5.4,5.0,5.4,1200
3320,2021-08-05,5.4,5.4,4.9,5.4,400
3319,2021-08-04,4.9,5.4,4.9,5.4,6829
3318,2021-08-03,5.4,5.4,5.4,5.4,100
3317,2021-08-02,5.2,5.2,5.2,5.2,0
3316,2021-07-30,5.2,5.2,5.2,5.2,0
3315,2021-07-29,5.2,5.2,5.2,5.2,0
3314,2021-07-28,5.2,5.2,5.2,5.2,0
3313,2021-07-27,5.2,5.2,5.2,5.2,0
3312,2021-07-26,5.2,5.2,5.2,5.2,0
3311,2021-07-23,5.2,5.2,5.2,5.2,0
3310,2021-07-22,5.2,5.2,5.2,5.2,100
3309,2021-07-21,5.0,5.0,5.0,5.0,0
3308,2021-07-20,5.0,5.0,5.0,5.0,0
3307,2021-07-19,5.0,5.0,5.0,5.0,0
3306,2021-07-16,5.0,5.0,5.0,5.0,136
3305,2021-07-15,4.9,5.4,4.9,4.9,19800
3304,2021-07-14,5.0,5.4,4.9,5.4,22600
3303,2021-07-13,5.0,5.4,4.9,5.4,32300
3302,2021-07-12,5.5,5.5,5.4,5.4,2200
3301,2021-07-09,6.0,6.0,6.0,6.0,0
3300,2021-07-08,5.5,6.0,5.5,6.0,3100
3299,2021-07-07,5.5,6.0,5.5,6.0,5700
3298,2021-07-06,5.9,6.0,5.9,6.0,200
3297,2021-07-05,6.0,6.0,6.0,6.0,0
3296,2021-07-02,6.0,6.0,6.0,6.0,100
3295,2021-07-01,6.3,6.3,6.3,6.3,0
3294,2021-06-30,6.3,6.3,6.3,6.3,0
3293,2021-06-29,5.7,6.3,5.5,6.3,22576
3292,2021-06-28,6.1,6.1,6.1,6.1,154
3291,2021-06-25,6.1,6.1,6.1,6.1,500
3290,2021-06-24,5.91,6.1,5.91,6.1,1700
3289,2021-06-23,5.91,6.1,5.81,6.1,1310
3288,2021-06-22,6.1,6.1,6.0,6.0,2000
3287,2021-06-21,6.1,6.1,5.91,6.1,3722
3286,2021-06-18,6.0,6.1,6.0,6.1,2100
3285,2021-06-17,6.1,6.1,6.1,6.1,650
3284,2021-06-16,6.1,6.1,6.1,6.1,0
3283,2021-06-15,6.1,6.1,6.1,6.1,0
3282,2021-06-14,6.1,6.1,6.1,6.1,0
3281,2021-06-11,6.1,6.1,6.1,6.1,0
3280,2021-06-10,5.71,6.1,5.52,6.1,5600
3279,2021-06-09,6.1,6.1,6.1,6.1,0
3278,2021-06-08,6.1,6.1,6.1,6.1,0
3277,2021-06-07,5.71,6.1,5.52,6.1,23992
3276,2021-06-04,6.1,6.1,6.1,6.1,800
3275,2021-06-03,6.1,6.1,6.1,6.1,150
3274,2021-06-02,5.71,5.71,5.71,5.71,200
3273,2021-06-01,5.81,6.1,5.81,6.1,1200
3272,2021-05-31,6.0,6.2,6.0,6.2,5210
3271,2021-05-28,5.91,6.29,5.91,6.29,600
3270,2021-05-27,6.39,6.39,6.39,6.39,0
3269,2021-05-26,6.1,6.39,6.1,6.39,200
3268,2021-05-25,6.39,6.39,6.39,6.39,0
3267,2021-05-24,6.39,6.39,6.39,6.39,60
3266,2021-05-21,6.39,6.39,6.39,6.39,0
3265,2021-05-20,6.0,6.39,6.0,6.39,285
3264,2021-05-19,6.49,6.49,6.49,6.49,0
3263,2021-05-18,6.49,6.49,6.49,6.49,0
3262,2021-05-17,6.49,6.49,6.49,6.49,0
3261,2021-05-14,6.49,6.49,6.49,6.49,0
3260,2021-05-13,6.29,6.49,6.29,6.49,2400
3259,2021-05-12,6.49,6.49,6.49,6.49,56
3258,2021-05-11,6.49,6.49,6.49,6.49,0
3257,2021-05-10,6.2,6.49,6.1,6.49,6000
3256,2021-05-07,6.1,6.49,6.1,6.49,1600
3255,2021-05-06,6.49,6.49,6.49,6.49,0
3254,2021-05-05,6.49,6.49,6.49,6.49,0
3253,2021-05-04,6.49,6.49,6.49,6.49,500
3252,2021-04-29,6.1,6.58,6.1,6.58,1500
3251,2021-04-28,6.49,6.49,6.49,6.49,1500
3250,2021-04-27,6.2,6.49,6.2,6.49,6400
3249,2021-04-26,6.68,6.68,6.68,6.68,100
3248,2021-04-23,6.49,6.49,6.49,6.49,0
3247,2021-04-22,6.49,6.49,6.49,6.49,3600
3246,2021-04-20,6.2,7.17,6.2,7.17,3800
3245,2021-04-19,6.2,6.58,6.1,6.58,3500
3244,2021-04-16,6.58,6.78,6.58,6.78,1900
3243,2021-04-15,7.26,7.26,7.26,7.26,0
3242,2021-04-14,7.26,7.26,7.26,7.26,100
3241,2021-04-13,7.26,7.26,7.26,7.26,0
3240,2021-04-12,7.26,7.26,7.26,7.26,0
3239,2021-04-09,7.07,7.26,7.07,7.26,4500
3238,2021-04-08,7.84,7.84,7.84,7.84,0
3237,2021-04-07,7.84,7.84,7.84,7.84,0
3236,2021-04-06,7.84,7.84,7.84,7.84,0
3235,2021-04-05,7.84,7.84,7.84,7.84,0
3234,2021-04-02,7.84,7.84,7.84,7.84,0
3233,2021-04-01,7.84,7.84,7.84,7.84,500
3232,2021-03-31,8.71,8.71,8.71,8.71,0
3231,2021-03-30,8.71,8.71,8.71,8.71,0
3230,2021-03-29,8.71,8.71,8.71,8.71,0
3229,2021-03-26,8.71,8.71,8.71,8.71,0
3228,2021-03-25,8.71,8.71,8.71,8.71,0
3227,2021-03-24,8.71,8.71,8.71,8.71,10
3226,2021-03-23,8.71,8.71,8.71,8.71,0
3225,2021-03-22,8.71,8.71,8.71,8.71,0
3224,2021-03-19,8.71,8.71,8.71,8.71,0
3223,2021-03-18,8.71,8.71,8.71,8.71,100
3222,2021-03-17,9.59,9.59,9.59,9.59,0
3221,2021-03-16,9.59,9.59,9.59,9.59,0
3220,2021-03-15,9.59,9.59,9.59,9.59,0
3219,2021-03-12,9.59,9.59,9.59,9.59,0
3218,2021-03-11,9.59,9.59,9.59,9.59,0
3217,2021-03-10,9.59,9.59,9.59,9.59,0
3216,2021-03-09,9.59,9.59,9.59,9.59,0
3215,2021-03-08,9.59,9.59,9.59,9.59,0
3214,2021-03-05,9.59,9.59,9.59,9.59,0
3213,2021-03-04,9.59,9.59,9.59,9.59,0
3212,2021-03-03,9.59,9.59,9.59,9.59,0
3211,2021-03-02,9.59,9.59,9.59,9.59,0
3210,2021-03-01,9.59,9.59,9.59,9.59,0
3209,2021-02-26,9.59,9.59,9.59,9.59,0
3208,2021-02-25,9.59,9.59,9.59,9.59,0
3207,2021-02-24,9.59,9.59,9.59,9.59,0
3206,2021-02-23,9.59,9.59,9.59,9.59,0
3205,2021-02-22,9.59,9.59,9.59,9.59,0
3204,2021-02-19,9.59,9.59,9.59,9.59,0
3203,2021-02-18,9.59,9.59,9.59,9.59,0
3202,2021-02-17,9.59,9.59,9.59,9.59,0
3201,2021-02-09,9.59,9.59,9.59,9.59,0
3200,2021-02-08,9.59,9.59,9.59,9.59,0
3199,2021-02-05,9.59,9.59,9.59,9.59,0
3198,2021-02-04,9.59,9.59,9.59,9.59,0
3197,2021-02-03,9.59,9.59,9.59,9.59,0
3196,2021-02-02,9.59,9.59,9.59,9.59,0
3195,2021-02-01,9.59,9.59,9.59,9.59,0
3194,2021-01-29,9.59,9.59,9.59,9.59,0
3193,2021-01-28,9.59,9.59,9.59,9.59,0
3192,2021-01-27,9.59,9.59,9.59,9.59,0
3191,2021-01-26,9.59,9.59,9.59,9.59,0
3190,2021-01-25,9.59,9.59,9.59,9.59,0
3189,2021-01-22,9.59,9.59,9.59,9.59,0
3188,2021-01-21,9.59,9.59,9.59,9.59,0
3187,2021-01-20,9.59,9.59,9.59,9.59,0
3186,2021-01-19,9.59,9.59,9.59,9.59,0
3185,2021-01-18,9.59,9.59,9.59,9.59,0
3184,2021-01-15,9.59,9.59,9.59,9.59,0
3183,2021-01-14,9.59,9.59,9.59,9.59,0
3182,2021-01-13,9.59,9.59,9.59,9.59,0
3181,2021-01-12,9.59,9.59,9.59,9.59,0
3180,2021-01-11,9.59,9.59,9.59,9.59,0
3179,2021-01-08,9.59,9.59,9.59,9.59,0
3178,2021-01-07,9.59,9.59,9.59,9.59,0
3177,2021-01-06,9.59,9.59,9.59,9.59,0
3176,2021-01-05,9.59,9.59,9.59,9.59,0
3175,2021-01-04,9.59,9.59,9.59,9.59,0
3174,2020-12-31,9.59,9.59,9.59,9.59,0
3173,2020-12-30,9.59,9.59,9.59,9.59,0
3172,2020-12-29,9.59,9.59,9.59,9.59,0
3171,2020-12-28,9.59,9.59,9.59,9.59,0
3170,2020-12-25,9.59,9.59,9.59,9.59,0
3169,2020-12-24,9.59,9.59,9.59,9.59,0
3168,2020-12-23,9.59,9.59,9.59,9.59,0
3167,2020-12-22,9.59,9.59,9.59,9.59,0
3166,2020-12-21,9.59,9.59,9.59,9.59,0
3165,2020-12-18,9.59,9.59,9.59,9.59,0
3164,2020-12-17,9.59,9.59,9.59,9.59,0
3163,2020-12-16,9.59,9.59,9.59,9.59,0
3162,2020-12-15,9.59,9.59,9.59,9.59,0
3161,2020-12-14,9.59,9.59,9.59,9.59,0
3160,2020-12-11,9.59,9.59,9.59,9.59,0
3159,2020-12-10,9.59,9.59,9.59,9.59,0
3158,2020-12-09,9.59,9.59,9.59,9.59,0
3157,2020-12-08,9.59,9.59,9.59,9.59,0
3156,2020-12-07,9.59,9.59,9.59,9.59,0
3155,2020-12-04,9.59,9.59,9.59,9.59,0
3154,2020-12-03,9.59,9.59,9.59,9.59,0
3153,2020-12-02,9.59,9.59,9.59,9.59,0
3152,2020-12-01,9.59,9.59,9.59,9.59,0
3151,2020-11-30,9.59,9.59,9.59,9.59,0
3150,2020-11-27,9.59,9.59,9.59,9.59,0
3149,2020-11-26,9.59,9.59,9.59,9.59,0
3148,2020-11-25,9.59,9.59,9.59,9.59,0
3147,2020-11-24,9.59,9.59,9.59,9.59,0
3146,2020-11-23,9.59,9.59,9.59,9.59,0
3145,2020-11-20,9.59,9.59,9.59,9.59,400
3144,2020-11-19,10.65,10.65,10.65,10.65,0
3143,2020-11-18,10.65,10.65,10.65,10.65,0
3142,2020-11-17,10.65,10.65,10.65,10.65,100
3141,2020-11-16,9.68,9.68,9.68,9.68,0
3140,2020-11-13,9.68,9.68,9.68,9.68,0
3139,2020-11-12,9.68,9.68,9.68,9.68,0
3138,2020-11-11,9.68,9.68,9.68,9.68,0
3137,2020-11-10,9.68,9.68,9.68,9.68,0
3136,2020-11-09,9.68,9.68,9.68,9.68,0
3135,2020-11-06,9.68,9.68,9.68,9.68,0
3134,2020-11-05,9.68,9.68,9.68,9.68,0
3133,2020-11-04,9.68,9.68,9.68,9.68,0
3132,2020-11-03,9.68,9.68,9.68,9.68,0
3131,2020-11-02,9.68,9.68,9.68,9.68,0
3130,2020-10-30,9.68,9.68,9.68,9.68,0
3129,2020-10-29,9.68,9.68,9.68,9.68,0
3128,2020-10-28,9.68,9.68,9.68,9.68,0
3127,2020-10-27,9.68,9.68,9.68,9.68,0
3126,2020-10-26,9.68,9.68,9.68,9.68,0
3125,2020-10-23,9.68,9.68,9.68,9.68,0
3124,2020-10-22,9.68,9.68,9.68,9.68,0
3123,2020-10-21,9.68,9.68,9.68,9.68,0
3122,2020-10-20,9.68,9.68,9.68,9.68,0
3121,2020-10-19,9.68,9.68,9.68,9.68,0
3120,2020-10-16,9.68,9.68,9.68,9.68,0
3119,2020-10-15,9.68,9.68,9.68,9.68,100
3118,2020-10-14,8.81,8.81,8.81,8.81,0
3117,2020-10-13,8.81,8.81,8.81,8.81,0
3116,2020-10-12,8.81,8.81,8.81,8.81,0
3115,2020-10-09,8.81,8.81,8.81,8.81,0
3114,2020-10-08,8.81,8.81,8.81,8.81,0
3113,2020-10-07,8.81,8.81,8.81,8.81,0
3112,2020-10-06,8.81,8.81,8.81,8.81,0
3111,2020-10-05,8.81,8.81,8.81,8.81,0
3110,2020-10-02,8.81,8.81,8.81,8.81,0
3109,2020-10-01,8.81,8.81,8.81,8.81,0
3108,2020-09-30,8.81,8.81,8.81,8.81,100
3107,2020-09-29,8.04,8.04,8.04,8.04,0
3106,2020-09-28,8.04,8.04,8.04,8.04,0
3105,2020-09-25,8.04,8.04,8.04,8.04,0
3104,2020-09-24,8.04,8.04,8.04,8.04,0
3103,2020-09-23,8.04,8.04,8.04,8.04,0
3102,2020-09-22,8.04,8.04,8.04,8.04,100
3101,2020-09-21,7.36,7.36,7.36,7.36,0
3100,2020-09-18,7.36,7.36,7.36,7.36,0
3099,2020-09-17,7.36,7.36,7.36,7.36,0
3098,2020-09-16,7.36,7.36,7.36,7.36,0
3097,2020-09-15,7.36,7.36,7.36,7.36,0
3096,2020-09-14,7.36,7.36,7.36,7.36,0
3095,2020-09-11,7.36,7.36,7.36,7.36,100
3094,2020-09-10,6.97,6.97,6.97,6.97,0
3093,2020-09-09,6.97,6.97,6.97,6.97,0
3092,2020-09-08,6.97,6.97,6.97,6.97,0
3091,2020-09-07,6.97,6.97,6.97,6.97,19
3090,2020-09-04,6.97,6.97,6.97,6.97,0
3089,2020-09-03,6.97,6.97,6.97,6.97,0
3088,2020-09-01,6.97,6.97,6.97,6.97,0
3087,2020-08-31,6.97,6.97,6.97,6.97,0
3086,2020-08-28,6.97,6.97,6.97,6.97,1
3085,2020-08-27,6.97,6.97,6.97,6.97,0
3084,2020-08-26,6.97,6.97,6.97,6.97,0
3083,2020-08-25,6.97,6.97,6.97,6.97,0
3082,2020-08-24,6.97,6.97,6.97,6.97,0
3081,2020-08-21,6.97,6.97,6.97,6.97,0
3080,2020-08-20,6.97,6.97,6.97,6.97,0
3079,2020-08-19,6.97,6.97,6.97,6.97,0
3078,2020-08-18,6.97,6.97,6.97,6.97,0
3077,2020-08-17,6.97,6.97,6.97,6.97,0
3076,2020-08-14,6.97,6.97,6.97,6.97,82
3075,2020-08-13,6.97,6.97,6.97,6.97,0
3074,2020-08-12,6.97,6.97,6.97,6.97,0
3073,2020-08-11,6.97,6.97,6.97,6.97,0
3072,2020-08-10,6.97,6.97,6.97,6.97,0
3071,2020-08-07,6.97,6.97,6.97,6.97,0
3070,2020-08-06,6.97,6.97,6.97,6.97,0
3069,2020-08-05,6.97,6.97,6.97,6.97,0
3068,2020-08-04,6.97,6.97,6.97,6.97,0
3067,2020-08-03,6.97,6.97,6.97,6.97,0
3066,2020-07-31,6.97,6.97,6.97,6.97,0
3065,2020-07-30,6.97,6.97,6.97,6.97,0
3064,2020-07-29,6.97,6.97,6.97,6.97,0
3063,2020-07-28,6.97,6.97,6.97,6.97,0
3062,2020-07-27,6.97,6.97,6.97,6.97,0
3061,2020-07-24,6.97,6.97,6.97,6.97,0
3060,2020-07-23,6.97,6.97,6.97,6.97,0
3059,2020-07-22,6.97,6.97,6.97,6.97,0
3058,2020-07-21,6.97,6.97,6.97,6.97,0
3057,2020-07-20,6.97,6.97,6.97,6.97,0
3056,2020-07-17,6.97,6.97,6.97,6.97,0
3055,2020-07-16,6.97,6.97,6.97,6.97,0
3054,2020-07-15,6.97,6.97,6.97,6.97,0
3053,2020-07-14,6.97,6.97,6.97,6.97,0
3052,2020-07-13,6.97,6.97,6.97,6.97,0
3051,2020-07-10,6.97,6.97,6.97,6.97,0
3050,2020-07-09,6.97,6.97,6.97,6.97,0
3049,2020-07-08,6.97,6.97,6.97,6.97,0
3048,2020-07-07,6.97,6.97,6.97,6.97,0
3047,2020-07-06,6.97,6.97,6.97,6.97,0
3046,2020-07-03,6.97,6.97,6.97,6.97,0
3045,2020-07-02,6.97,6.97,6.97,6.97,0
3044,2020-07-01,6.97,6.97,6.97,6.97,0
3043,2020-06-30,6.97,6.97,6.97,6.97,0
3042,2020-06-29,6.97,6.97,6.97,6.97,0
3041,2020-06-26,6.97,6.97,6.97,6.97,0
3040,2020-06-25,6.97,6.97,6.97,6.97,0
3039,2020-06-24,6.97,6.97,6.97,6.97,0
3038,2020-06-23,6.97,6.97,6.97,6.97,0
3037,2020-06-22,6.97,6.97,6.97,6.97,0
3036,2020-06-19,6.97,6.97,6.97,6.97,0
3035,2020-06-18,6.97,6.97,6.97,6.97,0
3034,2020-06-17,6.97,6.97,6.97,6.97,0
3033,2020-06-16,6.97,6.97,6.97,6.97,0
3032,2020-06-15,6.97,6.97,6.97,6.97,11
3031,2020-06-12,6.97,6.97,6.97,6.97,0
3030,2020-06-11,6.97,6.97,6.97,6.97,0
3029,2020-06-10,6.97,6.97,6.97,6.97,0
3028,2020-06-09,6.97,6.97,6.97,6.97,0
3027,2020-06-08,6.97,6.97,6.97,6.97,0
3026,2020-06-05,6.97,6.97,6.97,6.97,0
3025,2020-06-04,6.97,6.97,6.97,6.97,0
3024,2020-06-03,6.97,6.97,6.97,6.97,0
3023,2020-06-02,6.97,6.97,6.97,6.97,0
3022,2020-06-01,6.97,6.97,6.97,6.97,0
3021,2020-05-29,6.97,6.97,6.97,6.97,0
3020,2020-05-28,6.97,6.97,6.97,6.97,0
3019,2020-05-27,6.97,6.97,6.97,6.97,0
3018,2020-05-26,6.97,6.97,6.97,6.97,0
3017,2020-05-25,6.97,6.97,6.97,6.97,0
3016,2020-05-22,6.97,6.97,6.97,6.97,0
3015,2020-05-21,6.97,6.97,6.97,6.97,0
3014,2020-05-20,6.97,6.97,6.97,6.97,0
3013,2020-05-19,6.97,6.97,6.97,6.97,0
3012,2020-05-18,6.97,6.97,6.97,6.97,0
3011,2020-05-15,6.97,6.97,6.97,6.97,0
3010,2020-05-14,6.97,6.97,6.97,6.97,0
3009,2020-05-13,6.97,6.97,6.97,6.97,0
3008,2020-05-12,6.97,6.97,6.97,6.97,0
3007,2020-05-11,6.97,6.97,6.97,6.97,0
3006,2020-05-08,6.97,6.97,6.97,6.97,0
3005,2020-05-07,6.97,6.97,6.97,6.97,0
3004,2020-05-06,6.97,6.97,6.97,6.97,0
3003,2020-05-05,6.97,6.97,6.97,6.97,0
3002,2020-05-04,6.97,6.97,6.97,6.97,0
3001,2020-04-29,6.97,6.97,6.97,6.97,0
3000,2020-04-28,6.97,6.97,6.97,6.97,0
2999,2020-04-27,6.97,6.97,6.97,6.97,0
2998,2020-04-24,6.97,6.97,6.97,6.97,0
2997,2020-04-23,6.97,6.97,6.97,6.97,0
2996,2020-04-22,6.97,6.97,6.97,6.97,0
2995,2020-04-21,6.97,6.97,6.97,6.97,0
2994,2020-04-20,6.97,6.97,6.97,6.97,0
2993,2020-04-17,6.97,6.97,6.97,6.97,0
2992,2020-04-16,6.97,6.97,6.97,6.97,0
2991,2020-04-15,6.97,6.97,6.97,6.97,0
2990,2020-04-14,6.97,6.97,6.97,6.97,0
2989,2020-04-13,6.97,6.97,6.97,6.97,0
2988,2020-04-10,6.97,6.97,6.97,6.97,0
2987,2020-04-09,6.97,6.97,6.97,6.97,0
2986,2020-04-08,6.97,6.97,6.97,6.97,0
2985,2020-04-07,6.97,6.97,6.97,6.97,0
2984,2020-04-06,6.97,6.97,6.97,6.97,0
2983,2020-04-03,6.97,6.97,6.97,6.97,0
2982,2020-04-01,6.97,6.97,6.97,6.97,0
2981,2020-03-31,6.97,6.97,6.97,6.97,0
2980,2020-03-30,6.97,6.97,6.97,6.97,0
2979,2020-03-27,6.97,6.97,6.97,6.97,0
2978,2020-03-26,6.97,6.97,6.97,6.97,0
2977,2020-03-25,6.97,6.97,6.97,6.97,0
2976,2020-03-24,6.97,6.97,6.97,6.97,0
2975,2020-03-23,6.97,6.97,6.97,6.97,0
2974,2020-03-20,6.97,6.97,6.97,6.97,0
2973,2020-03-19,6.97,6.97,6.97,6.97,0
2972,2020-03-18,6.97,6.97,6.97,6.97,0
2971,2020-03-17,6.97,6.97,6.97,6.97,0
2970,2020-03-16,6.97,6.97,6.97,6.97,0
2969,2020-03-13,6.97,6.97,6.97,6.97,0
2968,2020-03-12,6.97,6.97,6.97,6.97,0
2967,2020-03-11,6.97,6.97,6.97,6.97,0
2966,2020-03-10,6.97,6.97,6.97,6.97,0
2965,2020-03-09,6.97,6.97,6.97,6.97,0
2964,2020-03-06,6.97,6.97,6.97,6.97,0
2963,2020-03-05,6.97,6.97,6.97,6.97,0
2962,2020-03-04,6.97,6.97,6.97,6.97,0
2961,2020-03-03,6.97,6.97,6.97,6.97,0
2960,2020-03-02,6.97,6.97,6.97,6.97,11
2959,2020-02-28,6.97,6.97,6.97,6.97,0
2958,2020-02-27,6.97,6.97,6.97,6.97,0
2957,2020-02-26,6.97,6.97,6.97,6.97,0
2956,2020-02-25,6.97,6.97,6.97,6.97,0
2955,2020-02-24,6.97,6.97,6.97,6.97,0
2954,2020-02-21,6.97,6.97,6.97,6.97,0
2953,2020-02-20,6.97,6.97,6.97,6.97,0
2952,2020-02-19,6.97,6.97,6.97,6.97,0
2951,2020-02-18,6.97,6.97,6.97,6.97,0
2950,2020-02-17,6.97,6.97,6.97,6.97,0
2949,2020-02-14,6.97,6.97,6.97,6.97,0
2948,2020-02-13,6.97,6.97,6.97,6.97,0
2947,2020-02-12,6.97,6.97,6.97,6.97,0
2946,2020-02-11,6.97,6.97,6.97,6.97,0
2945,2020-02-10,6.97,6.97,6.97,6.97,0
2944,2020-02-07,6.97,6.97,6.97,6.97,0
2943,2020-02-06,6.97,6.97,6.97,6.97,0
2942,2020-02-05,6.97,6.97,6.97,6.97,0
2941,2020-02-04,6.97,6.97,6.97,6.97,0
2940,2020-02-03,6.97,6.97,6.97,6.97,0
2939,2020-01-31,6.97,6.97,6.97,6.97,0
2938,2020-01-30,6.97,6.97,6.97,6.97,0
2937,2020-01-22,6.97,6.97,6.97,6.97,0
2936,2020-01-21,6.97,6.97,6.97,6.97,0
2935,2020-01-20,6.97,6.97,6.97,6.97,0
2934,2020-01-17,6.97,6.97,6.97,6.97,0
2933,2020-01-16,6.97,6.97,6.97,6.97,0
2932,2020-01-15,6.97,6.97,6.97,6.97,0
2931,2020-01-14,6.97,6.97,6.97,6.97,0
2930,2020-01-13,6.97,6.97,6.97,6.97,0
2929,2020-01-10,6.97,6.97,6.97,6.97,0
2928,2020-01-09,6.97,6.97,6.97,6.97,0
2927,2020-01-08,6.97,6.97,6.97,6.97,0
2926,2020-01-07,6.97,6.97,6.97,6.97,0
2925,2020-01-06,6.97,6.97,6.97,6.97,0
2924,2020-01-03,6.97,6.97,6.97,6.97,0
2923,2020-01-02,6.97,6.97,6.97,6.97,0
2922,2019-12-31,6.97,6.97,6.97,6.97,0
2921,2019-12-30,6.97,6.97,6.97,6.97,0
2920,2019-12-27,6.97,6.97,6.97,6.97,0
2919,2019-12-26,6.97,6.97,6.97,6.97,0
2918,2019-12-25,6.97,6.97,6.97,6.97,0
2917,2019-12-24,6.97,6.97,6.97,6.97,0
2916,2019-12-23,6.97,6.97,6.97,6.97,0
2915,2019-12-20,6.97,6.97,6.97,6.97,0
2914,2019-12-19,6.97,6.97,6.97,6.97,0
2913,2019-12-18,6.97,6.97,6.97,6.97,0
2912,2019-12-17,6.97,6.97,6.97,6.97,0
2911,2019-12-16,6.97,6.97,6.97,6.97,0
2910,2019-12-13,6.97,6.97,6.97,6.97,0
2909,2019-12-12,6.97,6.97,6.97,6.97,0
2908,2019-12-11,6.97,6.97,6.97,6.97,0
2907,2019-12-10,6.97,6.97,6.97,6.97,0
2906,2019-12-09,6.97,6.97,6.97,6.97,0
2905,2019-12-06,6.97,6.97,6.97,6.97,0
2904,2019-12-05,6.97,6.97,6.97,6.97,0
2903,2019-12-04,6.97,6.97,6.97,6.97,0
2902,2019-12-03,6.97,6.97,6.97,6.97,0
2901,2019-12-02,6.97,6.97,6.97,6.97,0
2900,2019-11-29,6.97,6.97,6.97,6.97,0
2899,2019-11-28,6.97,6.97,6.97,6.97,0
2898,2019-11-27,6.97,6.97,6.97,6.97,0
2897,2019-11-26,6.97,6.97,6.97,6.97,0
2896,2019-11-25,6.97,6.97,6.97,6.97,0
2895,2019-11-22,6.78,6.78,6.78,6.78,0
2894,2019-11-21,6.97,6.97,6.97,6.97,0
2893,2019-11-20,6.97,6.97,6.97,6.97,0
2892,2019-11-19,6.97,6.97,6.97,6.97,0
2891,2019-11-18,6.97,6.97,6.97,6.97,0
2890,2019-11-15,6.97,6.97,6.97,6.97,0
2889,2019-11-14,6.97,6.97,6.97,6.97,0
2888,2019-11-13,6.97,6.97,6.97,6.97,0
2887,2019-11-12,6.97,6.97,6.97,6.97,0
2886,2019-11-11,6.97,6.97,6.97,6.97,0
2885,2019-11-08,6.97,6.97,6.97,6.97,0
2884,2019-11-07,6.97,6.97,6.97,6.97,0
2883,2019-11-06,6.97,6.97,6.97,6.97,0
2882,2019-11-05,6.97,6.97,6.97,6.97,0
2881,2019-11-04,6.97,6.97,6.97,6.97,0
2880,2019-11-01,6.97,6.97,6.97,6.97,0
2879,2019-10-31,6.78,6.78,6.78,6.78,0
2878,2019-10-30,6.97,6.97,6.97,6.97,0
2877,2019-10-29,6.97,6.97,6.97,6.97,0
2876,2019-10-28,6.97,6.97,6.97,6.97,0
2875,2019-10-25,6.97,6.97,6.97,6.97,0
2874,2019-10-24,6.97,6.97,6.97,6.97,0
2873,2019-10-23,6.97,6.97,6.97,6.97,0
2872,2019-10-22,6.97,6.97,6.97,6.97,0
2871,2019-10-21,6.97,6.97,6.97,6.97,0
2870,2019-10-18,6.97,6.97,6.97,6.97,0
2869,2019-10-17,6.97,6.97,6.97,6.97,0
2868,2019-10-16,6.97,6.97,6.97,6.97,0
2867,2019-10-15,6.78,6.78,6.78,6.78,0
2866,2019-10-14,6.97,6.97,6.97,6.97,0
2865,2019-10-11,6.97,6.97,6.97,6.97,0
2864,2019-10-10,6.97,6.97,6.97,6.97,0
2863,2019-10-09,6.97,6.97,6.97,6.97,0
2862,2019-10-08,6.97,6.97,6.97,6.97,0
2861,2019-10-07,6.97,6.97,6.97,6.97,0
2860,2019-10-04,6.97,6.97,6.97,6.97,0
2859,2019-10-03,6.97,6.97,6.97,6.97,0
2858,2019-10-02,6.97,6.97,6.97,6.97,0
2857,2019-10-01,6.97,6.97,6.97,6.97,0
2856,2019-09-30,6.97,6.97,6.97,6.97,0
2855,2019-09-27,6.97,6.97,6.97,6.97,0
2854,2019-09-26,6.97,6.97,6.97,6.97,0
2853,2019-09-25,6.97,6.97,6.97,6.97,0
2852,2019-09-24,6.97,6.97,6.97,6.97,0
2851,2019-09-23,6.97,6.97,6.97,6.97,0
2850,2019-09-20,6.97,6.97,6.97,6.97,0
2849,2019-09-19,6.97,6.97,6.97,6.97,0
2848,2019-09-18,6.78,6.78,6.78,6.78,0
2847,2019-09-17,6.78,6.78,6.78,6.78,0
2846,2019-09-16,6.78,6.78,6.78,6.78,0
2845,2019-09-13,6.78,6.78,6.78,6.78,0
2844,2019-09-12,6.78,6.78,6.78,6.78,0
2843,2019-09-11,6.78,6.78,6.78,6.78,0
2842,2019-09-10,6.78,6.78,6.78,6.78,0
2841,2019-09-09,6.78,6.78,6.78,6.78,0
2840,2019-09-06,6.78,6.78,6.78,6.78,0
2839,2019-09-05,6.78,6.78,6.78,6.78,0
2838,2019-09-04,6.78,6.78,6.78,6.78,0
2837,2019-09-03,6.78,6.78,6.78,6.78,0
2836,2019-08-30,6.78,6.78,6.78,6.78,0
2835,2019-08-29,6.78,6.78,6.78,6.78,0
2834,2019-08-28,6.78,6.78,6.78,6.78,0
2833,2019-08-27,6.78,6.78,6.78,6.78,0
2832,2019-08-26,6.78,6.78,6.78,6.78,0
2831,2019-08-23,6.78,6.78,6.78,6.78,0
2830,2019-08-22,6.78,6.78,6.78,6.78,0
2829,2019-08-21,6.78,6.78,6.78,6.78,0
2828,2019-08-20,6.78,6.78,6.78,6.78,0
2827,2019-08-19,6.78,6.78,6.78,6.78,0
2826,2019-08-16,6.78,6.78,6.78,6.78,0
2825,2019-08-15,6.78,6.78,6.78,6.78,0
2824,2019-08-14,6.78,6.78,6.78,6.78,0
2823,2019-08-13,6.78,6.78,6.78,6.78,0
2822,2019-08-12,6.78,6.78,6.78,6.78,0
2821,2019-08-09,6.78,6.78,6.78,6.78,0
2820,2019-08-08,6.78,6.78,6.78,6.78,0
2819,2019-08-07,6.78,6.78,6.78,6.78,0
2818,2019-08-06,6.78,6.78,6.78,6.78,0
2817,2019-08-05,6.78,6.78,6.78,6.78,0
2816,2019-08-02,6.78,6.78,6.78,6.78,0
2815,2019-08-01,6.78,6.78,6.78,6.78,0
2814,2019-07-31,6.78,6.78,6.78,6.78,0
2813,2019-07-30,6.78,6.78,6.78,6.78,0
2812,2019-07-29,6.78,6.78,6.78,6.78,0
2811,2019-07-26,6.78,6.78,6.78,6.78,0
2810,2019-07-25,6.78,6.78,6.78,6.78,0
2809,2019-07-24,6.78,6.78,6.78,6.78,0
2808,2019-07-23,6.78,6.78,6.78,6.78,0
2807,2019-07-22,6.78,6.78,6.78,6.78,0
2806,2019-07-19,6.78,6.78,6.78,6.78,0
2805,2019-07-18,6.78,6.78,6.78,6.78,0
2804,2019-07-17,6.78,6.78,6.78,6.78,0
2803,2019-07-16,6.78,6.78,6.78,6.78,0
2802,2019-07-15,6.78,6.78,6.78,6.78,0
2801,2019-07-12,6.78,6.78,6.78,6.78,0
2800,2019-07-11,6.78,6.78,6.78,6.78,0
2799,2019-07-10,6.78,6.78,6.78,6.78,0
2798,2019-07-09,6.78,6.78,6.78,6.78,0
2797,2019-07-08,6.78,6.78,6.78,6.78,0
2796,2019-07-05,6.78,6.78,6.78,6.78,0
2795,2019-07-04,6.78,6.78,6.78,6.78,0
2794,2019-07-03,6.78,6.78,6.78,6.78,0
2793,2019-07-02,6.78,6.78,6.78,6.78,0
2792,2019-07-01,6.78,6.78,6.78,6.78,0
2791,2019-06-28,6.78,6.78,6.78,6.78,0
2790,2019-06-27,6.78,6.78,6.78,6.78,0
2789,2019-06-26,6.78,6.78,6.78,6.78,0
2788,2019-06-25,6.78,6.78,6.78,6.78,0
2787,2019-06-24,6.78,6.78,6.78,6.78,0
2786,2019-06-21,6.78,6.78,6.78,6.78,0
2785,2019-06-20,6.78,6.78,6.78,6.78,0
2784,2019-06-19,6.78,6.78,6.78,6.78,0
2783,2019-06-18,6.78,6.78,6.78,6.78,0
2782,2019-06-17,6.78,6.78,6.78,6.78,0
2781,2019-06-14,6.78,6.78,6.78,6.78,0
2780,2019-06-13,6.78,6.78,6.78,6.78,0
2779,2019-06-12,6.78,6.78,6.78,6.78,0
2778,2019-06-11,6.78,6.78,6.78,6.78,0
2777,2019-06-10,6.78,6.78,6.78,6.78,0
2776,2019-06-07,6.78,6.78,6.78,6.78,0
2775,2019-06-06,6.78,6.78,6.78,6.78,0
2774,2019-06-05,6.78,6.78,6.78,6.78,0
2773,2019-06-04,6.78,6.78,6.78,6.78,300
2772,2019-06-03,6.87,6.87,6.87,6.87,200
2771,2019-05-31,6.31,6.31,6.31,6.31,300
2770,2019-05-30,5.74,5.74,5.74,5.74,500
2769,2019-05-29,5.27,5.27,5.27,5.27,0
2768,2019-05-28,5.27,5.27,5.27,5.27,0
2767,2019-05-27,5.27,5.27,5.27,5.27,0
2766,2019-05-24,5.27,5.27,5.27,5.27,0
2765,2019-05-23,5.27,5.27,5.27,5.27,0
2764,2019-05-22,5.27,5.27,5.27,5.27,0
2763,2019-05-21,5.27,5.27,5.27,5.27,0
2762,2019-05-20,5.27,5.27,5.27,5.27,0
2761,2019-05-17,5.27,5.27,5.27,5.27,0
2760,2019-05-16,5.27,5.27,5.27,5.27,3100
2759,2019-05-15,5.27,5.27,5.27,5.27,0
2758,2019-05-14,5.27,5.27,5.27,5.27,0
2757,2019-05-13,5.27,5.27,5.27,5.27,0
2756,2019-05-10,5.27,5.27,5.27,5.27,0
2755,2019-05-09,5.27,5.27,5.27,5.27,0
2754,2019-05-08,5.27,5.27,5.27,5.27,0
2753,2019-05-07,5.27,5.27,5.27,5.27,0
2752,2019-05-06,5.27,5.27,5.27,5.27,0
2751,2019-05-03,5.27,5.27,5.27,5.27,0
2750,2019-05-02,5.27,5.27,5.27,5.27,0
2749,2019-04-26,5.27,5.27,5.27,5.27,0
2748,2019-04-25,5.27,5.27,5.27,5.27,0
2747,2019-04-24,5.27,5.27,5.27,5.27,0
2746,2019-04-23,5.27,5.27,5.27,5.27,0
2745,2019-04-22,5.27,5.27,5.27,5.27,0
2744,2019-04-19,5.27,5.27,5.27,5.27,0
2743,2019-04-18,5.27,5.27,5.27,5.27,0
2742,2019-04-17,5.27,5.27,5.27,5.27,0
2741,2019-04-16,5.27,5.27,5.27,5.27,0
2740,2019-04-12,5.27,5.27,5.27,5.27,0
2739,2019-04-11,5.27,5.27,5.27,5.27,0
2738,2019-04-10,5.27,5.27,5.27,5.27,0
2737,2019-04-09,5.27,5.27,5.27,5.27,0
2736,2019-04-08,5.27,5.27,5.27,5.27,0
2735,2019-04-05,5.27,5.27,5.27,5.27,0
2734,2019-04-04,5.27,5.27,5.27,5.27,0
2733,2019-04-03,5.27,5.27,5.27,5.27,0
2732,2019-04-02,5.27,5.27,5.27,5.27,0
2731,2019-04-01,5.27,5.27,5.27,5.27,0
2730,2019-03-29,5.27,5.27,5.27,5.27,0
2729,2019-03-28,5.27,5.27,5.27,5.27,0
2728,2019-03-27,5.27,5.27,5.27,5.27,0
2727,2019-03-26,5.27,5.27,5.27,5.27,0
2726,2019-03-25,5.27,5.27,5.27,5.27,0
2725,2019-03-22,5.27,5.27,5.27,5.27,0
2724,2019-03-21,5.27,5.27,5.27,5.27,0
2723,2019-03-20,5.27,5.27,5.27,5.27,44
2722,2019-03-19,5.27,5.27,5.27,5.27,0
2721,2019-03-18,5.27,5.27,5.27,5.27,0
2720,2019-03-15,5.27,5.27,5.27,5.27,1700
2719,2019-03-14,5.84,5.84,5.84,5.84,0
2718,2019-03-13,5.84,5.84,5.84,5.84,44
2717,2019-03-12,5.84,5.84,5.84,5.84,0
2716,2019-03-11,5.84,5.84,5.84,5.84,0
2715,2019-03-08,5.84,5.84,5.84,5.84,0
2714,2019-03-07,5.84,5.84,5.84,5.84,0
2713,2019-03-06,5.84,5.84,5.84,5.84,0
2712,2019-03-05,5.84,5.84,5.84,5.84,0
2711,2019-03-04,5.84,5.84,5.84,5.84,0
2710,2019-03-01,5.84,5.84,5.84,5.84,0
2709,2019-02-28,5.84,5.84,5.84,5.84,50
2708,2019-02-27,5.84,5.84,5.84,5.84,0
2707,2019-02-26,5.84,5.84,5.84,5.84,0
2706,2019-02-25,5.84,5.84,5.84,5.84,0
2705,2019-02-22,5.84,5.84,5.84,5.84,1000
2704,2019-02-21,5.37,5.37,5.37,5.37,2000
2703,2019-02-20,5.27,5.27,5.27,5.27,0
2702,2019-02-19,5.27,5.27,5.27,5.27,0
2701,2019-02-18,5.27,5.27,5.27,5.27,0
2700,2019-02-15,5.27,5.27,5.27,5.27,0
2699,2019-02-14,5.27,5.27,5.27,5.27,0
2698,2019-02-13,5.27,5.27,5.27,5.27,0
2697,2019-02-12,5.27,5.27,5.27,5.27,0
2696,2019-02-11,5.27,5.27,5.27,5.27,500
2695,2019-02-01,5.84,5.84,5.84,5.84,100
2694,2019-01-31,4.71,5.55,4.71,5.55,200
2693,2019-01-30,5.18,5.18,5.18,5.18,110
2692,2019-01-29,4.71,4.71,4.71,4.71,100
2691,2019-01-28,4.33,4.33,4.33,4.33,110
2690,2019-01-25,3.95,3.95,3.95,3.95,61
2689,2019-01-24,3.95,3.95,3.95,3.95,100
2688,2019-01-23,4.24,4.24,4.24,4.24,0
2687,2019-01-22,4.24,4.24,4.24,4.24,100
2686,2019-01-21,4.52,4.52,4.52,4.52,100
2685,2019-01-18,4.52,4.52,4.52,4.52,100
2684,2019-01-17,4.61,4.61,4.61,4.61,100
2683,2019-01-16,4.99,4.99,4.99,4.99,100
2682,2019-01-15,5.37,5.37,5.37,5.37,0
2681,2019-01-14,5.37,5.37,5.37,5.37,600
2680,2019-01-11,5.08,5.93,5.08,5.93,200
2679,2019-01-10,5.08,5.55,5.08,5.55,1300
2678,2019-01-09,5.08,5.08,5.08,5.08,100
2677,2019-01-08,5.65,5.65,5.65,5.65,0
2676,2019-01-07,5.65,5.65,5.65,5.65,0
2675,2019-01-04,5.65,5.65,5.65,5.65,3200
2674,2019-01-03,6.21,6.21,6.21,6.21,100
2673,2019-01-02,5.65,5.65,5.65,5.65,500
2672,2018-12-28,6.21,6.21,6.21,6.21,0
2671,2018-12-27,5.08,6.21,5.08,6.21,7400
2670,2018-12-26,5.65,5.65,5.65,5.65,0
2669,2018-12-25,5.65,5.65,5.65,5.65,1000
2668,2018-12-24,5.74,5.74,5.74,5.74,100
2667,2018-12-21,6.31,6.31,6.21,6.21,3900
2666,2018-12-20,6.87,6.87,6.87,6.87,0
2665,2018-12-19,6.87,6.87,6.87,6.87,0
2664,2018-12-18,6.87,6.87,6.87,6.87,800
2663,2018-12-17,7.63,7.63,7.63,7.63,0
2662,2018-12-14,7.63,7.63,7.63,7.63,200
2661,2018-12-13,8.38,8.38,8.38,8.38,100
2660,2018-12-12,9.23,9.23,9.23,9.23,0
2659,2018-12-11,9.23,9.23,9.23,9.23,0
2658,2018-12-10,9.23,9.23,9.23,9.23,0
2657,2018-12-07,9.23,9.23,9.23,9.23,0
2656,2018-12-06,9.23,9.23,9.23,9.23,0
2655,2018-12-05,9.23,9.23,9.23,9.23,0
2654,2018-12-04,9.23,9.23,9.23,9.23,0
2653,2018-12-03,9.23,9.23,9.23,9.23,0
2652,2018-11-30,9.23,9.23,9.23,9.23,3100
2651,2018-11-29,10.17,10.17,10.17,10.17,0
2650,2018-11-28,10.17,10.17,10.17,10.17,0
2649,2018-11-27,10.17,10.17,10.17,10.17,0
2648,2018-11-26,10.17,10.17,10.17,10.17,0
2647,2018-11-23,10.17,10.17,10.17,10.17,0
2646,2018-11-22,10.17,10.17,10.17,10.17,0
2645,2018-11-21,10.17,10.17,10.17,10.17,0
2644,2018-11-20,10.17,10.17,10.17,10.17,0
2643,2018-11-19,10.17,10.17,10.17,10.17,0
2642,2018-11-16,10.17,10.17,10.17,10.17,0
2641,2018-11-15,10.17,10.17,10.17,10.17,0
2640,2018-11-14,10.17,10.17,10.17,10.17,0
2639,2018-11-13,10.17,10.17,10.17,10.17,0
2638,2018-11-12,10.17,10.17,10.17,10.17,0
2637,2018-11-09,10.17,10.17,10.17,10.17,0
2636,2018-11-08,10.17,10.17,10.17,10.17,100
2635,2018-11-07,9.32,9.32,9.32,9.32,0
2634,2018-11-06,9.32,9.32,9.32,9.32,0
2633,2018-11-05,9.32,9.32,9.32,9.32,0
2632,2018-11-02,9.32,9.32,9.32,9.32,0
2631,2018-11-01,9.32,9.32,9.32,9.32,100
2630,2018-10-31,8.47,8.47,8.47,8.47,0
2629,2018-10-30,8.47,8.47,8.47,8.47,0
2628,2018-10-29,8.47,8.47,8.47,8.47,0
2627,2018-10-26,8.47,8.47,8.47,8.47,0
2626,2018-10-25,8.47,8.47,8.47,8.47,0
2625,2018-10-24,8.47,8.47,8.47,8.47,0
2624,2018-10-23,8.47,8.47,8.47,8.47,0
2623,2018-10-22,8.47,8.47,8.47,8.47,0
2622,2018-10-19,8.47,8.47,8.47,8.47,100
2621,2018-10-18,7.72,7.72,7.72,7.72,0
2620,2018-10-17,7.72,7.72,7.72,7.72,0
2619,2018-10-16,7.72,7.72,7.72,7.72,0
2618,2018-10-15,7.72,7.72,7.72,7.72,100
2617,2018-10-12,7.06,7.06,7.06,7.06,0
2616,2018-10-11,7.06,7.06,7.06,7.06,0
2615,2018-10-10,7.06,7.06,7.06,7.06,0
2614,2018-10-09,7.06,7.06,7.06,7.06,0
2613,2018-10-08,7.06,7.06,7.06,7.06,0
2612,2018-10-05,7.06,7.06,7.06,7.06,0
2611,2018-10-04,7.06,7.06,7.06,7.06,0
2610,2018-10-03,7.06,7.06,7.06,7.06,0
2609,2018-10-02,7.06,7.06,7.06,7.06,0
2608,2018-10-01,7.06,7.06,7.06,7.06,0
2607,2018-09-28,7.06,7.06,7.06,7.06,0
2606,2018-09-27,7.06,7.06,7.06,7.06,0
2605,2018-09-26,7.06,7.06,7.06,7.06,0
2604,2018-09-25,7.06,7.06,7.06,7.06,0
2603,2018-09-24,7.06,7.06,7.06,7.06,0
2602,2018-09-21,7.06,7.06,7.06,7.06,2000
2601,2018-09-20,7.06,7.06,7.06,7.06,7
2600,2018-09-19,7.06,7.06,7.06,7.06,2000
2599,2018-09-18,7.06,7.06,7.06,7.06,0
2598,2018-09-17,7.06,7.06,7.06,7.06,0
2597,2018-09-14,7.06,7.06,7.06,7.06,500
2596,2018-09-13,7.06,7.06,7.06,7.06,2000
2595,2018-09-12,6.78,6.78,6.78,6.78,0
2594,2018-09-11,6.78,6.78,6.78,6.78,0
2593,2018-09-10,6.78,6.78,6.78,6.78,0
2592,2018-09-07,6.78,6.78,6.78,6.78,300
2591,2018-09-06,6.21,6.21,6.21,6.21,100
2590,2018-09-05,5.65,5.65,5.65,5.65,0
2589,2018-09-04,5.65,5.65,5.65,5.65,0
2588,2018-08-31,5.65,5.65,5.65,5.65,100
2587,2018-08-30,6.02,6.02,6.02,6.02,174
2586,2018-08-29,6.02,6.02,6.02,6.02,0
2585,2018-08-28,6.02,6.02,6.02,6.02,4311
2584,2018-08-27,6.59,6.59,6.59,6.59,0
2583,2018-08-24,6.59,6.59,6.59,6.59,0
2582,2018-08-23,6.59,6.59,6.59,6.59,0
2581,2018-08-22,6.59,6.59,6.59,6.59,0
2580,2018-08-21,6.59,6.59,6.59,6.59,0
2579,2018-08-20,6.59,6.59,6.59,6.59,60
2578,2018-08-17,6.59,6.59,6.59,6.59,0
2577,2018-08-16,6.59,6.59,6.59,6.59,0
2576,2018-08-15,6.59,6.59,6.59,6.59,0
2575,2018-08-14,6.59,6.59,6.59,6.59,2448
2574,2018-08-13,7.06,7.06,7.06,7.06,0
2573,2018-08-10,7.06,7.06,7.06,7.06,0
2572,2018-08-09,7.06,7.06,7.06,7.06,9100
2571,2018-08-08,6.59,6.59,6.59,6.59,0
2570,2018-08-07,6.59,6.59,6.59,6.59,0
2569,2018-08-06,7.53,7.53,6.59,6.59,300
2568,2018-08-03,7.25,7.25,7.25,7.25,0
2567,2018-08-02,7.25,7.25,7.25,7.25,0
2566,2018-08-01,7.06,7.25,7.06,7.25,3000
2565,2018-07-31,6.87,6.87,6.87,6.87,0
2564,2018-07-30,6.87,6.87,6.87,6.87,2000
2563,2018-07-27,6.87,6.87,6.31,6.31,4000
2562,2018-07-26,6.31,6.31,6.31,6.31,4488
2561,2018-07-25,6.97,6.97,6.97,6.97,0
2560,2018-07-24,6.97,6.97,6.97,6.97,0
2559,2018-07-23,6.97,6.97,6.97,6.97,0
2558,2018-07-20,6.97,6.97,6.97,6.97,0
2557,2018-07-19,6.97,6.97,6.97,6.97,0
2556,2018-07-18,6.97,6.97,6.97,6.97,0
2555,2018-07-17,6.97,6.97,6.97,6.97,0
2554,2018-07-16,6.97,6.97,6.97,6.97,0
2553,2018-07-13,6.97,6.97,6.97,6.97,2000
2552,2018-07-12,6.78,6.78,6.78,6.78,0
2551,2018-07-11,6.78,6.78,6.78,6.78,0
2550,2018-07-10,6.78,6.78,6.78,6.78,0
2549,2018-07-09,6.78,6.78,6.78,6.78,0
2548,2018-07-06,6.78,6.78,6.78,6.78,0
2547,2018-07-05,6.78,6.78,6.78,6.78,11000
2546,2018-07-04,6.78,6.78,6.78,6.78,3000
2545,2018-07-03,6.78,6.78,6.78,6.78,300
2544,2018-07-02,6.97,6.97,6.97,6.97,0
2543,2018-06-29,6.97,6.97,6.97,6.97,8000
2542,2018-06-28,6.97,6.97,6.97,6.97,0
2541,2018-06-27,6.97,6.97,6.97,6.97,2000
2540,2018-06-26,6.97,6.97,6.97,6.97,2000
2539,2018-06-25,6.97,6.97,6.97,6.97,2000
2538,2018-06-22,6.97,6.97,6.97,6.97,1000
2537,2018-06-21,6.97,6.97,6.97,6.97,0
2536,2018-06-20,6.97,6.97,6.97,6.97,4000
2535,2018-06-19,6.97,6.97,6.97,6.97,0
2534,2018-06-18,6.97,6.97,6.97,6.97,0
2533,2018-06-15,6.97,6.97,6.97,6.97,0
2532,2018-06-14,6.97,6.97,6.97,6.97,0
2531,2018-06-13,6.97,6.97,6.97,6.97,0
2530,2018-06-12,6.97,6.97,6.97,6.97,0
2529,2018-06-11,6.97,6.97,6.97,6.97,0
2528,2018-06-08,6.97,6.97,6.97,6.97,0
2527,2018-06-07,6.97,6.97,6.97,6.97,0
2526,2018-06-06,6.97,6.97,6.97,6.97,0
2525,2018-06-05,6.97,6.97,6.97,6.97,0
2524,2018-06-04,6.97,6.97,6.97,6.97,0
2523,2018-06-01,6.97,6.97,6.97,6.97,0
2522,2018-05-31,6.97,6.97,6.97,6.97,0
2521,2018-05-30,6.97,6.97,6.97,6.97,0
2520,2018-05-29,6.97,6.97,6.97,6.97,0
2519,2018-05-28,6.97,6.97,6.97,6.97,0
2518,2018-05-25,6.97,6.97,6.97,6.97,0
2517,2018-05-24,6.97,6.97,6.97,6.97,0
2516,2018-05-23,6.97,6.97,6.97,6.97,0
2515,2018-05-22,6.97,6.97,6.97,6.97,0
2514,2018-05-21,6.97,6.97,6.97,6.97,0
2513,2018-05-18,6.97,6.97,6.97,6.97,0
2512,2018-05-17,6.97,6.97,6.97,6.97,0
2511,2018-05-16,6.97,6.97,6.97,6.97,0
2510,2018-05-15,6.97,6.97,6.97,6.97,0
2509,2018-05-14,6.97,6.97,6.97,6.97,0
2508,2018-05-11,6.97,6.97,6.97,6.97,0
2507,2018-05-10,6.97,6.97,6.97,6.97,15
2506,2018-05-09,6.97,6.97,6.97,6.97,0
2505,2018-05-08,6.97,6.97,6.97,6.97,0
2504,2018-05-07,6.97,6.97,6.97,6.97,0
2503,2018-05-04,6.97,6.97,6.97,6.97,0
2502,2018-05-03,6.97,6.97,6.97,6.97,0
2501,2018-05-02,6.97,6.97,6.97,6.97,0
2500,2018-04-27,6.97,6.97,6.97,6.97,0
2499,2018-04-26,6.97,6.97,6.97,6.97,0
2498,2018-04-24,6.97,6.97,6.97,6.97,0
2497,2018-04-23,6.97,6.97,6.97,6.97,0
2496,2018-04-20,6.97,6.97,6.97,6.97,0
2495,2018-04-19,6.97,6.97,6.97,6.97,0
2494,2018-04-18,6.97,6.97,6.97,6.97,0
2493,2018-04-17,6.97,6.97,6.97,6.97,0
2492,2018-04-16,6.97,6.97,6.97,6.97,0
2491,2018-04-13,6.97,6.97,6.97,6.97,0
2490,2018-04-12,6.97,6.97,6.97,6.97,0
2489,2018-04-11,6.97,6.97,6.97,6.97,0
2488,2018-04-10,6.97,6.97,6.97,6.97,1000
2487,2018-04-09,6.97,6.97,6.97,6.97,0
2486,2018-04-06,6.97,6.97,6.97,6.97,1900
2485,2018-04-05,7.06,7.06,7.06,7.06,0
2484,2018-04-04,7.06,7.06,7.06,7.06,0
2483,2018-04-03,7.06,7.06,7.06,7.06,0
2482,2018-04-02,7.06,7.06,7.06,7.06,0
2481,2018-03-30,7.06,7.06,7.06,7.06,0
2480,2018-03-29,7.06,7.06,7.06,7.06,1000
2479,2018-03-28,7.06,7.06,7.06,7.06,0
2478,2018-03-27,7.06,7.06,7.06,7.06,0
2477,2018-03-26,7.06,7.06,7.06,7.06,0
2476,2018-03-23,7.06,7.06,7.06,7.06,22
2475,2018-03-22,7.06,7.06,7.06,7.06,44
2474,2018-03-21,7.06,7.06,7.06,7.06,200
2473,2018-03-20,7.06,7.06,7.06,7.06,0
2472,2018-03-19,7.06,7.06,7.06,7.06,0
2471,2018-03-16,6.87,7.06,6.87,7.06,800
2470,2018-03-15,7.06,7.06,7.06,7.06,0
2469,2018-03-14,7.06,7.06,7.06,7.06,0
2468,2018-03-13,7.06,7.06,7.06,7.06,1000
2467,2018-03-12,7.06,7.06,7.06,7.06,400
2466,2018-03-09,7.06,7.06,7.06,7.06,0
2465,2018-03-08,7.06,7.06,7.06,7.06,0
2464,2018-03-07,7.06,7.06,7.06,7.06,0
2463,2018-03-06,7.06,7.06,7.06,7.06,0
2462,2018-03-05,7.06,7.06,7.06,7.06,0
2461,2018-03-02,7.06,7.06,7.06,7.06,0
2460,2018-03-01,7.06,7.06,7.06,7.06,0
2459,2018-02-28,7.06,7.06,7.06,7.06,0
2458,2018-02-27,7.06,7.06,7.06,7.06,0
2457,2018-02-26,7.06,7.06,7.06,7.06,0
2456,2018-02-23,7.06,7.06,7.06,7.06,0
2455,2018-02-22,7.06,7.06,7.06,7.06,0
2454,2018-02-21,7.06,7.06,7.06,7.06,0
2453,2018-02-13,7.06,7.06,7.06,7.06,0
2452,2018-02-12,7.06,7.06,7.06,7.06,0
2451,2018-02-09,7.06,7.06,7.06,7.06,0
2450,2018-02-08,7.06,7.06,7.06,7.06,0
2449,2018-02-07,7.06,7.06,7.06,7.06,0
2448,2018-02-06,7.06,7.06,7.06,7.06,0
2447,2018-02-05,7.06,7.06,7.06,7.06,0
2446,2018-02-02,7.06,7.06,7.06,7.06,0
2445,2018-02-01,7.06,7.06,7.06,7.06,0
2444,2018-01-31,7.06,7.06,7.06,7.06,0
2443,2018-01-30,7.06,7.06,7.06,7.06,0
2442,2018-01-29,7.06,7.06,7.06,7.06,0
2441,2018-01-26,7.06,7.06,7.06,7.06,0
2440,2018-01-25,7.06,7.06,7.06,7.06,0
2439,2018-01-24,7.06,7.06,7.06,7.06,0
2438,2018-01-23,7.06,7.06,7.06,7.06,7
2437,2018-01-22,7.06,7.06,7.06,7.06,0
2436,2018-01-19,7.06,7.06,7.06,7.06,0
2435,2018-01-18,7.06,7.06,7.06,7.06,0
2434,2018-01-17,7.06,7.06,7.06,7.06,0
2433,2018-01-16,7.06,7.06,7.06,7.06,0
2432,2018-01-15,7.06,7.06,7.06,7.06,0
2431,2018-01-12,7.06,7.06,7.06,7.06,0
2430,2018-01-11,7.06,7.06,7.06,7.06,0
2429,2018-01-10,7.06,7.06,7.06,7.06,0
2428,2018-01-09,7.06,7.06,7.06,7.06,0
2427,2018-01-08,7.06,7.06,7.06,7.06,0
2426,2018-01-05,7.06,7.06,7.06,7.06,0
2425,2018-01-04,7.06,7.06,7.06,7.06,0
2424,2018-01-03,7.06,7.06,7.06,7.06,0
2423,2018-01-02,7.06,7.06,7.06,7.06,0
2422,2017-12-29,7.06,7.06,7.06,7.06,0
2421,2017-12-28,7.06,7.06,7.06,7.06,0
2420,2017-12-27,7.06,7.06,7.06,7.06,0
2419,2017-12-26,7.06,7.06,7.06,7.06,0
2418,2017-12-25,7.06,7.06,7.06,7.06,0
2417,2017-12-22,7.06,7.06,7.06,7.06,0
2416,2017-12-21,7.06,7.06,7.06,7.06,0
2415,2017-12-20,7.06,7.06,7.06,7.06,0
2414,2017-12-19,7.06,7.06,7.06,7.06,0
2413,2017-12-18,7.06,7.06,7.06,7.06,0
2412,2017-12-15,7.06,7.06,7.06,7.06,0
2411,2017-12-14,7.06,7.06,7.06,7.06,0
2410,2017-12-13,7.06,7.06,7.06,7.06,0
2409,2017-12-12,7.06,7.06,7.06,7.06,0
2408,2017-12-11,7.06,7.06,7.06,7.06,0
2407,2017-12-08,7.06,7.06,7.06,7.06,0
2406,2017-12-07,7.06,7.06,7.06,7.06,0
2405,2017-12-06,7.06,7.06,7.06,7.06,0
2404,2017-12-05,7.06,7.06,7.06,7.06,0
2403,2017-12-04,7.06,7.06,7.06,7.06,0
2402,2017-12-01,7.06,7.06,7.06,7.06,0
2401,2017-11-30,7.06,7.06,7.06,7.06,0
2400,2017-11-29,7.06,7.06,7.06,7.06,0
2399,2017-11-28,7.06,7.06,7.06,7.06,0
2398,2017-11-27,7.06,7.06,7.06,7.06,0
2397,2017-11-24,7.06,7.06,7.06,7.06,0
2396,2017-11-23,7.06,7.06,7.06,7.06,0
2395,2017-11-22,7.06,7.06,7.06,7.06,0
2394,2017-11-21,7.06,7.06,7.06,7.06,0
2393,2017-11-20,7.06,7.06,7.06,7.06,0
2392,2017-11-17,7.06,7.06,7.06,7.06,0
2391,2017-11-16,7.06,7.06,7.06,7.06,0
2390,2017-11-15,7.06,7.06,7.06,7.06,0
2389,2017-11-14,7.06,7.06,7.06,7.06,0
2388,2017-11-13,7.06,7.06,7.06,7.06,0
2387,2017-11-10,7.06,7.06,7.06,7.06,0
2386,2017-11-09,7.06,7.06,7.06,7.06,78
2385,2017-11-08,7.06,7.06,7.06,7.06,0
2384,2017-11-07,7.06,7.06,7.06,7.06,0
2383,2017-11-06,7.06,7.06,7.06,7.06,0
2382,2017-11-03,7.06,7.06,7.06,7.06,0
2381,2017-11-02,7.06,7.06,7.06,7.06,0
2380,2017-11-01,7.06,7.06,7.06,7.06,0
2379,2017-10-31,7.06,7.06,7.06,7.06,0
2378,2017-10-30,7.06,7.06,7.06,7.06,0
2377,2017-10-27,7.06,7.06,7.06,7.06,0
2376,2017-10-26,7.06,7.06,7.06,7.06,500
2375,2017-10-25,6.78,6.78,6.78,6.78,0
2374,2017-10-24,6.78,6.78,6.78,6.78,0
2373,2017-10-23,6.78,6.78,6.78,6.78,0
2372,2017-10-20,6.78,6.78,6.78,6.78,0
2371,2017-10-19,6.78,6.78,6.78,6.78,0
2370,2017-10-18,6.78,6.78,6.78,6.78,0
2369,2017-10-17,6.78,6.78,6.78,6.78,0
2368,2017-10-16,6.78,6.78,6.78,6.78,0
2367,2017-10-13,6.78,6.78,6.78,6.78,0
2366,2017-10-12,6.78,6.78,6.78,6.78,0
2365,2017-10-11,6.78,6.78,6.78,6.78,0
2364,2017-10-10,6.78,6.78,6.78,6.78,0
2363,2017-10-09,6.78,6.78,6.78,6.78,0
2362,2017-10-06,6.78,6.78,6.78,6.78,0
2361,2017-10-05,6.78,6.78,6.78,6.78,1000
2360,2017-10-04,6.78,6.78,6.78,6.78,0
2359,2017-10-03,6.78,6.78,6.78,6.78,0
2358,2017-10-02,6.78,6.78,6.78,6.78,0
2357,2017-09-29,6.78,6.78,6.78,6.78,3000
2356,2017-09-28,6.78,6.78,6.78,6.78,0
2355,2017-09-27,6.78,6.78,6.78,6.78,0
2354,2017-09-26,6.78,6.78,6.78,6.78,0
2353,2017-09-25,6.78,6.78,6.78,6.78,0
2352,2017-09-22,6.78,6.78,6.78,6.78,1000
2351,2017-09-21,6.78,6.78,6.78,6.78,0
2350,2017-09-20,6.78,6.78,6.78,6.78,1000
2349,2017-09-19,6.59,6.59,6.59,6.59,0
2348,2017-09-18,6.59,6.59,6.59,6.59,0
2347,2017-09-15,6.78,6.78,6.59,6.59,1300
2346,2017-09-14,7.15,7.15,7.15,7.15,8200
2345,2017-09-13,6.78,6.78,6.78,6.78,0
2344,2017-09-12,6.78,6.78,6.78,6.78,2000
2343,2017-09-11,6.68,6.68,6.68,6.68,0
2342,2017-09-08,6.68,6.68,6.68,6.68,0
2341,2017-09-07,6.68,6.68,6.68,6.68,0
2340,2017-09-06,6.68,6.68,6.68,6.68,0
2339,2017-09-05,6.68,6.68,6.68,6.68,0
2338,2017-09-01,6.68,6.68,6.68,6.68,600
2337,2017-08-31,6.87,6.87,6.87,6.87,0
2336,2017-08-30,6.87,6.87,6.87,6.87,0
2335,2017-08-29,6.87,6.87,6.87,6.87,0
2334,2017-08-28,6.68,6.87,6.68,6.87,3000
2333,2017-08-25,6.68,6.68,6.68,6.68,1000
2332,2017-08-24,6.87,6.87,6.87,6.87,0
2331,2017-08-23,6.87,6.87,6.87,6.87,1000
2330,2017-08-22,6.59,6.78,6.59,6.78,2000
2329,2017-08-21,6.87,6.87,6.87,6.87,200
2328,2017-08-18,6.31,6.31,6.31,6.31,0
2327,2017-08-17,6.31,6.31,6.31,6.31,0
2326,2017-08-16,6.31,6.31,6.31,6.31,100
2325,2017-08-15,6.59,6.59,6.59,6.59,1000
2324,2017-08-14,6.59,6.59,6.59,6.59,1000
2323,2017-08-11,6.78,6.78,6.78,6.78,0
2322,2017-08-10,6.78,6.78,6.78,6.78,78
2321,2017-08-09,6.78,6.78,6.78,6.78,0
2320,2017-08-08,6.78,6.78,6.78,6.78,0
2319,2017-08-07,6.78,6.78,6.78,6.78,0
2318,2017-08-04,6.78,6.78,6.78,6.78,0
2317,2017-08-03,6.78,6.78,6.78,6.78,100
2316,2017-08-02,7.53,7.53,7.53,7.53,100
2315,2017-08-01,6.87,6.87,6.87,6.87,0
2314,2017-07-31,6.87,6.87,6.87,6.87,0
2313,2017-07-28,6.87,6.87,5.74,6.87,3000
2312,2017-07-27,6.31,6.31,6.31,6.31,0
2311,2017-07-26,6.31,6.31,6.31,6.31,33
2310,2017-07-25,5.77,6.31,5.77,6.31,1700
2309,2017-07-24,5.77,5.77,5.77,5.77,0
2308,2017-07-21,5.77,5.77,5.77,5.77,1500
2307,2017-07-20,5.77,5.77,5.77,5.77,0
2306,2017-07-19,5.77,5.77,5.77,5.77,0
2305,2017-07-18,5.77,5.77,5.77,5.77,1709
2304,2017-07-17,5.77,5.77,5.77,5.77,0
2303,2017-07-14,5.77,5.77,5.77,5.77,500
2302,2017-07-13,5.38,5.38,5.38,5.38,0
2301,2017-07-12,5.38,5.38,5.38,5.38,0
2300,2017-07-11,5.38,5.38,5.38,5.38,0
2299,2017-07-10,5.38,5.38,5.38,5.38,0
2298,2017-07-07,5.38,5.38,5.38,5.38,0
2297,2017-07-06,5.38,5.38,5.38,5.38,0
2296,2017-07-05,5.38,5.38,5.38,5.38,0
2295,2017-07-04,5.38,5.38,5.38,5.38,0
2294,2017-07-03,5.38,5.38,5.38,5.38,0
2293,2017-06-30,5.38,5.38,5.38,5.38,0
2292,2017-06-29,5.38,5.38,5.38,5.38,0
2291,2017-06-28,5.38,5.38,5.38,5.38,0
2290,2017-06-27,5.38,5.38,5.38,5.38,0
2289,2017-06-26,5.38,5.38,5.38,5.38,0
2288,2017-06-23,5.38,5.38,5.38,5.38,0
2287,2017-06-22,5.38,5.38,5.38,5.38,0
2286,2017-06-21,5.38,5.38,5.38,5.38,0
2285,2017-06-20,5.38,5.38,5.38,5.38,0
2284,2017-06-19,5.38,5.38,5.38,5.38,200
2283,2017-06-16,5.92,5.92,5.92,5.92,0
2282,2017-06-15,5.92,5.92,5.92,5.92,0
2281,2017-06-14,5.92,5.92,5.92,5.92,0
2280,2017-06-13,5.92,5.92,5.92,5.92,0
2279,2017-06-12,5.92,5.92,5.92,5.92,7900
2278,2017-06-09,5.77,5.77,5.77,5.77,0
2277,2017-06-08,5.77,5.77,5.77,5.77,1000
2276,2017-06-07,5.54,5.54,5.54,5.54,0
2275,2017-06-06,5.54,5.54,5.54,5.54,0
2274,2017-06-05,5.54,5.54,5.54,5.54,0
2273,2017-06-02,5.54,5.54,5.54,5.54,0
2272,2017-06-01,5.54,5.54,5.54,5.54,0
2271,2017-05-31,5.54,5.54,5.54,5.54,0
2270,2017-05-30,5.54,5.54,5.54,5.54,0
2269,2017-05-29,5.54,5.54,5.54,5.54,0
2268,2017-05-26,5.54,5.54,5.54,5.54,0
2267,2017-05-25,5.54,5.54,5.54,5.54,0
2266,2017-05-24,5.54,5.54,5.54,5.54,0
2265,2017-05-23,5.54,5.54,5.54,5.54,0
2264,2017-05-22,5.54,5.54,5.54,5.54,0
2263,2017-05-19,5.54,5.54,5.54,5.54,0
2262,2017-05-18,5.54,5.54,5.54,5.54,0
2261,2017-05-17,5.54,5.54,5.54,5.54,100
2260,2017-05-16,5.31,5.31,5.31,5.31,10
2259,2017-05-15,5.31,5.31,5.31,5.31,1200
2258,2017-05-12,4.85,4.85,4.85,4.85,0
2257,2017-05-11,4.85,4.85,4.85,4.85,0
2256,2017-05-10,5.77,5.77,4.85,4.85,1950
2255,2017-05-09,5.38,5.38,5.38,5.38,164
2254,2017-05-08,5.92,5.92,5.92,5.92,20
2253,2017-05-05,5.92,5.92,5.92,5.92,43700
2252,2017-05-04,5.38,5.38,5.38,5.38,0
2251,2017-05-03,5.38,5.38,5.38,5.38,200
2250,2017-04-28,5.23,5.23,5.23,5.23,0
2249,2017-04-27,5.23,5.23,5.23,5.23,0
2248,2017-04-26,5.23,5.23,5.23,5.23,0
2247,2017-04-25,5.23,5.23,5.23,5.23,100
2246,2017-04-24,5.77,5.77,5.77,5.77,0
2245,2017-04-21,5.38,5.77,5.38,5.77,1100
2244,2017-04-20,5.77,5.77,5.77,5.77,0
2243,2017-04-19,5.77,5.77,5.77,5.77,0
2242,2017-04-18,5.77,5.77,5.77,5.77,0
2241,2017-04-17,5.85,5.85,5.77,5.77,1500
2240,2017-04-14,5.85,5.85,5.85,5.85,200
2239,2017-04-13,5.85,5.85,5.85,5.85,0
2238,2017-04-12,5.85,5.85,5.85,5.85,21400
2237,2017-04-11,5.85,5.85,5.85,5.85,3700
2236,2017-04-10,5.46,5.46,5.46,5.46,0
2235,2017-04-07,5.46,5.46,5.46,5.46,200
2234,2017-04-05,5.77,5.77,5.77,5.77,0
2233,2017-04-04,5.77,5.77,5.77,5.77,0
2232,2017-04-03,5.77,5.77,5.77,5.77,2800
2231,2017-03-31,5.38,5.38,5.38,5.38,0
2230,2017-03-30,5.38,5.38,5.38,5.38,0
2229,2017-03-29,5.38,5.38,5.38,5.38,0
2228,2017-03-28,5.38,5.38,5.38,5.38,1550
2227,2017-03-27,5.08,5.08,5.08,5.08,0
2226,2017-03-24,5.08,5.08,5.08,5.08,0
2225,2017-03-23,5.08,5.08,5.08,5.08,175
2224,2017-03-22,5.61,5.61,5.61,5.61,0
2223,2017-03-21,4.92,5.61,4.92,5.61,200
2222,2017-03-20,5.38,5.38,5.38,5.38,0
2221,2017-03-17,5.38,5.38,5.38,5.38,0
2220,2017-03-16,5.38,5.38,5.38,5.38,0
2219,2017-03-15,5.38,5.38,5.38,5.38,0
2218,2017-03-14,5.38,5.38,5.38,5.38,0
2217,2017-03-13,5.38,5.38,5.38,5.38,100
2216,2017-03-10,4.92,4.92,4.92,4.92,100
2215,2017-03-09,5.46,5.46,5.46,5.46,0
2214,2017-03-08,5.46,5.46,5.46,5.46,1000
2213,2017-03-07,5.46,5.46,5.46,5.46,0
2212,2017-03-06,5.46,5.46,5.46,5.46,7600
2211,2017-03-03,5.0,5.0,5.0,5.0,100
2210,2017-03-02,5.38,5.38,5.38,5.38,20
2209,2017-03-01,5.38,5.38,5.38,5.38,20
2208,2017-02-28,5.38,5.38,5.38,5.38,717
2207,2017-02-27,5.61,5.61,4.92,4.92,1400
2206,2017-02-24,5.31,5.46,5.31,5.46,315
2205,2017-02-23,5.31,5.31,5.31,5.31,50
2204,2017-02-22,5.31,5.31,5.31,5.31,0
2203,2017-02-21,4.92,5.31,4.92,5.31,200
2202,2017-02-20,5.31,5.54,5.0,5.0,2000
2201,2017-02-17,5.23,5.23,5.23,5.23,517
2200,2017-02-16,4.85,5.23,4.85,4.85,300
2199,2017-02-15,5.15,5.15,5.15,5.15,33
2198,2017-02-14,5.15,5.15,5.15,5.15,100
2197,2017-02-13,5.31,5.31,4.69,4.69,2100
2196,2017-02-10,4.85,4.85,4.85,4.85,0
2195,2017-02-09,4.85,4.85,4.85,4.85,100
2194,2017-02-08,5.23,5.23,5.23,5.23,100
2193,2017-02-07,4.85,5.23,4.85,5.23,967
2192,2017-02-06,5.23,5.23,5.23,5.23,0
2191,2017-02-03,5.23,5.23,5.23,5.23,2100
2190,2017-02-02,4.77,4.77,4.77,4.77,0
2189,2017-01-25,4.77,4.77,4.77,4.77,100
2188,2017-01-24,5.23,5.23,5.23,5.23,0
2187,2017-01-23,5.23,5.23,5.23,5.23,13000
2186,2017-01-20,4.85,4.85,4.85,4.85,0
2185,2017-01-19,4.85,4.85,4.85,4.85,0
2184,2017-01-18,4.85,4.85,4.85,4.85,0
2183,2017-01-17,4.85,4.85,4.85,4.85,0
2182,2017-01-16,4.85,5.46,4.85,4.85,2200
2181,2017-01-13,5.31,5.31,5.31,5.31,1000
2180,2017-01-12,4.85,4.85,4.85,4.85,200
2179,2017-01-11,5.31,5.31,5.31,5.31,0
2178,2017-01-10,5.31,5.31,5.31,5.31,0
2177,2017-01-09,5.31,5.31,5.31,5.31,1000
2176,2017-01-06,4.85,4.85,4.85,4.85,100
2175,2017-01-05,5.31,5.31,5.31,5.31,0
2174,2017-01-04,5.31,5.31,5.31,5.31,700
2173,2017-01-03,5.31,5.38,5.31,5.31,2900
2172,2016-12-30,4.92,4.92,4.92,4.92,100
2171,2016-12-29,5.46,5.46,5.46,5.46,0
2170,2016-12-28,5.46,5.46,5.46,5.46,0
2169,2016-12-27,5.23,5.46,5.23,5.46,5300
2168,2016-12-26,5.08,5.08,5.08,5.08,0
2167,2016-12-23,5.08,5.08,5.08,5.08,100
2166,2016-12-22,5.31,5.31,5.31,5.31,0
2165,2016-12-21,5.31,5.31,5.31,5.31,0
2164,2016-12-20,5.31,5.31,5.31,5.31,0
2163,2016-12-19,5.31,5.31,5.31,5.31,500
2162,2016-12-16,4.85,4.85,4.85,4.85,0
2161,2016-12-15,4.85,4.85,4.85,4.85,0
2160,2016-12-14,4.85,4.85,4.85,4.85,0
2159,2016-12-13,4.85,4.85,4.85,4.85,0
2158,2016-12-12,4.85,4.85,4.85,4.85,0
2157,2016-12-09,4.85,4.85,4.85,4.85,100
2156,2016-12-08,5.31,5.31,5.31,5.31,0
2155,2016-12-07,5.31,5.31,5.31,5.31,0
2154,2016-12-06,5.31,5.31,5.31,5.31,0
2153,2016-12-05,5.31,5.31,5.31,5.31,0
2152,2016-12-02,5.31,5.31,5.31,5.31,1500
2151,2016-12-01,4.85,4.85,4.85,4.85,0
2150,2016-11-30,4.85,4.85,4.85,4.85,0
2149,2016-11-29,4.85,4.85,4.85,4.85,100
2148,2016-11-28,5.23,5.23,5.23,5.23,0
2147,2016-11-25,5.23,5.23,5.23,5.23,1000
2146,2016-11-24,4.77,4.77,4.77,4.77,0
2145,2016-11-23,4.77,4.77,4.77,4.77,100
2144,2016-11-22,5.08,5.08,5.08,5.08,0
2143,2016-11-21,5.08,5.08,5.08,5.08,0
2142,2016-11-18,5.08,5.08,5.08,5.08,0
2141,2016-11-17,5.08,5.08,5.08,5.08,100
2140,2016-11-16,5.61,5.61,5.61,5.61,0
2139,2016-11-15,5.61,5.61,5.61,5.61,0
2138,2016-11-14,5.61,5.61,5.61,5.61,0
2137,2016-11-11,5.61,5.61,5.61,5.61,0
2136,2016-11-10,5.61,5.61,5.61,5.61,100
2135,2016-11-09,5.61,5.61,5.61,5.61,0
2134,2016-11-08,5.46,5.61,5.46,5.61,1300
2133,2016-11-07,5.15,5.15,5.15,5.15,0
2132,2016-11-04,5.15,5.15,5.15,5.15,0
2131,2016-11-03,5.15,5.15,5.15,5.15,0
2130,2016-11-02,5.15,5.15,5.15,5.15,600
2129,2016-11-01,5.15,5.15,5.15,5.15,0
2128,2016-10-31,5.15,5.15,5.15,5.15,100
2127,2016-10-28,5.15,5.15,5.15,5.15,0
2126,2016-10-27,5.15,5.15,5.15,5.15,0
2125,2016-10-26,5.15,5.15,5.15,5.15,200
2124,2016-10-25,5.15,5.15,5.15,5.15,0
2123,2016-10-24,5.15,5.15,5.15,5.15,0
2122,2016-10-21,5.15,5.15,5.15,5.15,100
2121,2016-10-20,5.15,5.15,5.15,5.15,3000
2120,2016-10-19,5.0,5.0,5.0,5.0,0
2119,2016-10-18,5.0,5.0,5.0,5.0,0
2118,2016-10-17,5.0,5.0,5.0,5.0,1300
2117,2016-10-14,4.69,4.69,4.69,4.69,100
2116,2016-10-13,4.31,4.31,4.31,4.31,100
2115,2016-10-12,3.92,3.92,3.92,3.92,0
2114,2016-10-11,3.92,3.92,3.92,3.92,0
2113,2016-10-10,3.92,3.92,3.92,3.92,0
2112,2016-10-07,3.92,3.92,3.92,3.92,0
2111,2016-10-06,3.92,3.92,3.92,3.92,0
2110,2016-10-05,3.92,3.92,3.92,3.92,100
2109,2016-10-04,3.61,3.61,3.61,3.61,0
2108,2016-10-03,3.61,3.61,3.61,3.61,0
2107,2016-09-30,3.61,3.61,3.61,3.61,0
2106,2016-09-29,3.61,3.61,3.61,3.61,13500
2105,2016-09-28,3.92,3.92,3.92,3.92,0
2104,2016-09-27,3.92,3.92,3.92,3.92,0
2103,2016-09-26,3.92,3.92,3.92,3.92,20
2102,2016-09-23,3.92,3.92,3.92,3.92,0
2101,2016-09-22,3.92,3.92,3.92,3.92,0
2100,2016-09-21,3.92,3.92,3.92,3.92,13500
2099,2016-09-20,3.77,3.77,3.61,3.61,400
2098,2016-09-19,4.0,4.0,4.0,4.0,200
2097,2016-09-16,4.08,4.08,4.08,4.08,0
2096,2016-09-15,4.08,4.08,4.08,4.08,200
2095,2016-09-14,4.38,4.38,4.38,4.38,0
2094,2016-09-13,4.69,4.77,4.38,4.38,700
2093,2016-09-12,4.61,4.61,4.61,4.61,0
2092,2016-09-09,4.61,4.61,4.61,4.61,0
2091,2016-09-08,4.61,4.61,4.61,4.61,200
2090,2016-09-07,5.0,5.0,5.0,5.0,6000
2089,2016-09-06,5.0,5.0,5.0,5.0,0
2088,2016-09-05,4.92,5.0,4.92,5.0,8000
2087,2016-09-01,4.85,4.85,4.85,4.85,5000
2086,2016-08-31,4.46,4.46,4.46,4.46,0
2085,2016-08-30,4.92,4.92,4.46,4.46,2100
2084,2016-08-29,4.92,4.92,4.92,4.92,1200
2083,2016-08-26,4.92,4.92,4.92,4.92,8000
2082,2016-08-25,4.38,5.31,4.38,5.31,300
2081,2016-08-24,4.85,4.85,4.85,4.85,5000
2080,2016-08-23,4.69,4.69,4.69,4.69,0
2079,2016-08-22,4.69,4.69,4.69,4.69,7600
2078,2016-08-19,4.69,4.85,4.31,4.31,2400
2077,2016-08-18,4.69,4.69,4.69,4.69,1000
2076,2016-08-17,5.08,5.08,4.31,4.31,5200
2075,2016-08-16,4.61,4.61,4.61,4.61,5000
2074,2016-08-15,4.92,4.92,4.54,4.54,1100
2073,2016-08-12,4.69,4.92,4.69,4.92,5400
2072,2016-08-11,4.54,4.54,4.54,4.54,0
2071,2016-08-10,4.54,4.54,4.54,4.54,2400
2070,2016-08-09,4.15,4.15,4.15,4.15,1000
2069,2016-08-08,4.61,4.61,4.61,4.61,0
2068,2016-08-05,4.61,4.61,4.61,4.61,0
2067,2016-08-04,4.61,4.61,4.61,4.61,0
2066,2016-08-03,4.61,4.61,4.61,4.61,700
2065,2016-08-02,4.61,4.61,4.46,4.46,10300
2064,2016-08-01,4.46,4.46,4.46,4.46,0
2063,2016-07-29,4.46,4.46,4.46,4.46,0
2062,2016-07-28,4.46,4.46,4.46,4.46,0
2061,2016-07-27,4.46,4.46,4.46,4.46,0
2060,2016-07-26,4.46,4.46,4.46,4.46,36000
2059,2016-07-25,4.46,4.46,4.46,4.46,0
2058,2016-07-22,4.46,4.46,4.46,4.46,5000
2057,2016-07-21,4.46,4.46,4.46,4.46,3000
2056,2016-07-20,4.92,4.92,4.92,4.92,0
2055,2016-07-19,4.92,4.92,4.92,4.92,0
2054,2016-07-18,4.61,4.92,4.15,4.92,12100
2053,2016-07-15,4.61,4.61,4.61,4.61,500
2052,2016-07-14,4.46,4.61,4.46,4.61,1000
2051,2016-07-13,4.46,4.46,4.46,4.46,0
2050,2016-07-12,4.46,4.46,4.46,4.46,5800
2049,2016-07-11,4.54,4.54,4.46,4.46,5500
2048,2016-07-08,4.46,4.46,4.46,4.46,2100
2047,2016-07-07,4.61,4.61,4.46,4.46,2700
2046,2016-07-06,4.54,4.54,4.54,4.54,1000
2045,2016-07-05,4.54,4.61,4.54,4.61,3000
2044,2016-07-04,4.54,4.54,4.54,4.54,0
2043,2016-07-01,4.54,4.54,4.54,4.54,4100
2042,2016-06-30,4.46,4.54,4.46,4.54,600
2041,2016-06-29,4.46,4.46,4.46,4.46,2900
2040,2016-06-28,4.38,4.38,4.38,4.38,0
2039,2016-06-27,4.38,4.38,4.38,4.38,6500
2038,2016-06-24,4.38,4.38,4.23,4.23,22500
2037,2016-06-23,4.0,4.0,4.0,4.0,0
2036,2016-06-22,4.0,4.0,4.0,4.0,0
2035,2016-06-21,4.0,4.0,4.0,4.0,0
2034,2016-06-20,4.0,4.0,4.0,4.0,0
2033,2016-06-17,4.0,4.0,4.0,4.0,100
2032,2016-06-16,4.38,4.38,4.38,4.38,100
2031,2016-06-15,4.85,4.85,4.85,4.85,8400
2030,2016-06-14,5.31,5.31,5.31,5.31,100
2029,2016-06-13,5.46,5.46,5.46,5.46,0
2028,2016-06-10,5.46,5.46,5.46,5.46,0
2027,2016-06-09,5.46,5.46,5.46,5.46,0
2026,2016-06-08,5.46,5.46,5.46,5.46,0
2025,2016-06-07,5.46,5.46,5.46,5.46,100
2024,2016-06-06,5.08,5.08,5.08,5.08,0
2023,2016-06-03,5.08,5.08,5.08,5.08,0
2022,2016-06-02,5.08,5.08,5.08,5.08,0
2021,2016-06-01,5.08,5.08,5.08,5.08,0
2020,2016-05-31,5.08,5.08,5.08,5.08,0
2019,2016-05-30,5.08,5.08,5.08,5.08,0
2018,2016-05-27,5.08,5.08,5.08,5.08,0
2017,2016-05-26,4.31,5.08,4.15,5.08,7700
2016,2016-05-25,4.61,4.61,4.61,4.61,0
2015,2016-05-24,4.61,4.61,4.61,4.61,0
2014,2016-05-23,4.61,4.61,4.61,4.61,0
2013,2016-05-20,4.61,4.61,4.61,4.61,0
2012,2016-05-19,4.61,4.61,4.61,4.61,0
2011,2016-05-18,4.15,4.61,4.15,4.61,2700
2010,2016-05-17,4.54,4.54,4.54,4.54,500
2009,2016-05-16,4.54,4.54,4.54,4.54,0
2008,2016-05-13,4.54,4.54,4.54,4.54,100
2007,2016-05-12,5.0,5.0,5.0,5.0,0
2006,2016-05-11,5.0,5.0,5.0,5.0,0
2005,2016-05-10,5.0,5.0,5.0,5.0,0
2004,2016-05-09,5.0,5.0,5.0,5.0,0
2003,2016-05-06,5.0,5.0,5.0,5.0,0
2002,2016-05-05,5.0,5.0,5.0,5.0,0
2001,2016-05-04,5.0,5.0,5.0,5.0,100
2000,2016-04-29,5.08,5.08,5.08,5.08,100
1999,2016-04-28,4.61,4.61,4.61,4.61,0
1998,2016-04-27,4.61,4.61,4.61,4.61,0
1997,2016-04-26,4.61,4.61,4.61,4.61,0
1996,2016-04-25,4.61,4.61,4.61,4.61,100
1995,2016-04-22,4.77,4.77,4.77,4.77,0
1994,2016-04-21,4.77,4.77,4.77,4.77,0
1993,2016-04-20,4.77,4.77,4.77,4.77,0
1992,2016-04-19,4.77,4.77,4.77,4.77,0
1991,2016-04-15,4.77,4.77,4.77,4.77,100
1990,2016-04-14,4.38,4.38,4.38,4.38,200
1989,2016-04-13,4.0,4.0,4.0,4.0,100
1988,2016-04-12,3.69,3.69,3.69,3.69,0
1987,2016-04-11,3.69,3.69,3.69,3.69,0
1986,2016-04-08,3.69,3.69,3.69,3.69,0
1985,2016-04-07,3.69,3.69,3.69,3.69,0
1984,2016-04-06,3.69,3.69,3.69,3.69,0
1983,2016-04-05,3.69,3.69,3.69,3.69,0
1982,2016-04-04,3.69,3.69,3.69,3.69,0
1981,2016-04-01,3.69,3.69,3.69,3.69,0
1980,2016-03-31,3.69,3.69,3.69,3.69,0
1979,2016-03-30,4.46,4.46,3.69,3.69,400
1978,2016-03-29,4.08,4.08,4.08,4.08,0
1977,2016-03-28,4.08,4.08,4.08,4.08,0
1976,2016-03-25,4.08,4.08,4.08,4.08,0
1975,2016-03-24,4.08,4.08,4.08,4.08,100
1974,2016-03-23,4.38,4.38,4.38,4.38,3200
1973,2016-03-22,4.85,4.85,4.85,4.85,0
1972,2016-03-21,4.85,4.85,4.85,4.85,100
1971,2016-03-18,4.31,4.92,4.31,4.92,1100
1970,2016-03-17,4.61,4.61,4.61,4.61,500
1969,2016-03-16,4.54,4.61,4.38,4.38,17600
1968,2016-03-15,4.38,4.38,4.38,4.38,500
1967,2016-03-14,3.92,4.23,3.92,4.23,5500
1966,2016-03-11,3.92,3.92,3.92,3.92,0
1965,2016-03-10,4.08,4.46,3.92,3.92,14000
1964,2016-03-09,4.08,4.08,4.08,4.08,400
1963,2016-03-08,4.46,4.46,3.85,4.46,400
1962,2016-03-07,4.77,4.77,4.08,4.08,200
1961,2016-03-04,4.38,4.38,4.38,4.38,1100
1960,2016-03-03,4.85,4.85,4.85,4.85,100
1959,2016-03-02,5.38,5.38,5.38,5.38,100
1958,2016-03-01,5.92,5.92,5.92,5.92,0
1957,2016-02-29,5.92,5.92,5.92,5.92,0
1956,2016-02-26,5.92,5.92,5.92,5.92,0
1955,2016-02-25,5.92,5.92,5.92,5.92,0
1954,2016-02-24,5.92,5.92,5.92,5.92,0
1953,2016-02-23,5.92,5.92,5.92,5.92,0
1952,2016-02-22,5.92,5.92,5.92,5.92,0
1951,2016-02-19,5.92,5.92,5.92,5.92,0
1950,2016-02-18,5.92,5.92,5.92,5.92,0
1949,2016-02-17,5.92,5.92,5.92,5.92,0
1948,2016-02-16,5.92,5.92,5.92,5.92,0
1947,2016-02-15,5.92,5.92,5.92,5.92,0
1946,2016-02-05,5.92,5.92,5.92,5.92,0
1945,2016-02-04,5.92,5.92,5.92,5.92,0
1944,2016-02-03,5.92,5.92,5.92,5.92,0
1943,2016-02-02,5.92,5.92,5.92,5.92,0
1942,2016-02-01,5.92,5.92,5.92,5.92,0
1941,2016-01-29,5.92,5.92,5.92,5.92,0
1940,2016-01-28,5.92,5.92,5.92,5.92,0
1939,2016-01-27,5.92,5.92,5.92,5.92,0
1938,2016-01-26,5.92,5.92,5.92,5.92,0
1937,2016-01-25,5.92,5.92,5.92,5.92,0
1936,2016-01-22,5.92,5.92,5.92,5.92,0
1935,2016-01-21,5.92,5.92,5.92,5.92,0
1934,2016-01-20,5.92,5.92,5.92,5.92,0
1933,2016-01-19,5.92,5.92,5.92,5.92,0
1932,2016-01-18,5.92,5.92,5.92,5.92,0
1931,2016-01-15,5.92,5.92,5.92,5.92,0
1930,2016-01-14,5.92,5.92,5.92,5.92,0
1929,2016-01-13,5.92,5.92,5.92,5.92,0
1928,2016-01-12,5.92,5.92,5.92,5.92,0
1927,2016-01-11,5.92,5.92,5.92,5.92,0
1926,2016-01-08,5.92,5.92,5.92,5.92,0
1925,2016-01-07,5.92,5.92,5.92,5.92,0
1924,2016-01-06,5.92,5.92,5.92,5.92,0
1923,2016-01-05,5.92,5.92,5.92,5.92,0
1922,2016-01-04,5.92,5.92,5.92,5.92,0
1921,2015-12-31,5.92,5.92,5.92,5.92,0
1920,2015-12-30,5.92,5.92,5.92,5.92,0
1919,2015-12-29,5.92,5.92,5.92,5.92,0
1918,2015-12-28,5.92,5.92,5.92,5.92,0
1917,2015-12-25,5.92,5.92,5.92,5.92,0
1916,2015-12-24,5.92,5.92,5.92,5.92,0
1915,2015-12-23,5.92,5.92,5.92,5.92,0
1914,2015-12-22,5.92,5.92,5.92,5.92,0
1913,2015-12-21,5.92,5.92,5.92,5.92,0
1912,2015-12-18,5.92,5.92,5.92,5.92,0
1911,2015-12-17,5.92,5.92,5.92,5.92,0
1910,2015-12-16,5.92,5.92,5.92,5.92,0
1909,2015-12-15,5.92,5.92,5.92,5.92,0
1908,2015-12-14,5.92,5.92,5.92,5.92,0
1907,2015-12-11,5.92,5.92,5.92,5.92,0
1906,2015-12-10,5.92,5.92,5.92,5.92,0
1905,2015-12-09,5.92,5.92,5.92,5.92,0
1904,2015-12-08,5.92,5.92,5.92,5.92,0
1903,2015-12-07,5.92,5.92,5.92,5.92,0
1902,2015-12-04,5.92,5.92,5.92,5.92,0
1901,2015-12-03,5.92,5.92,5.92,5.92,0
1900,2015-12-02,5.92,5.92,5.92,5.92,0
1899,2015-12-01,5.92,5.92,5.92,5.92,0
1898,2015-11-30,5.92,5.92,5.92,5.92,0
1897,2015-11-27,5.92,5.92,5.92,5.92,0
1896,2015-11-26,5.92,5.92,5.92,5.92,0
1895,2015-11-25,5.92,5.92,5.92,5.92,0
1894,2015-11-24,5.92,5.92,5.92,5.92,0
1893,2015-11-23,5.92,5.92,5.92,5.92,0
1892,2015-11-20,5.92,5.92,5.92,5.92,0
1891,2015-11-19,5.92,5.92,5.92,5.92,0
1890,2015-11-18,5.92,5.92,5.92,5.92,0
1889,2015-11-17,5.92,5.92,5.92,5.92,0
1888,2015-11-16,5.92,5.92,5.92,5.92,0
1887,2015-11-13,5.92,5.92,5.92,5.92,0
1886,2015-11-12,5.92,5.92,5.92,5.92,0
1885,2015-11-11,5.92,5.92,5.92,5.92,0
1884,2015-11-10,5.92,5.92,5.92,5.92,0
1883,2015-11-09,5.92,5.92,5.92,5.92,0
1882,2015-11-06,5.92,5.92,5.92,5.92,0
1881,2015-11-05,5.92,5.92,5.92,5.92,0
1880,2015-11-04,5.92,5.92,5.92,5.92,0
1879,2015-11-03,5.92,5.92,5.92,5.92,0
1878,2015-11-02,5.92,5.92,5.92,5.92,0
1877,2015-10-30,5.92,5.92,5.92,5.92,0
1876,2015-10-29,5.92,5.92,5.92,5.92,0
1875,2015-10-28,5.92,5.92,5.92,5.92,0
1874,2015-10-27,5.92,5.92,5.92,5.92,0
1873,2015-10-26,5.92,5.92,5.92,5.92,0
1872,2015-10-23,5.92,5.92,5.92,5.92,0
1871,2015-10-22,5.92,5.92,5.92,5.92,0
1870,2015-10-21,5.92,5.92,5.92,5.92,0
1869,2015-10-20,5.92,5.92,5.92,5.92,0
1868,2015-10-19,5.92,5.92,5.92,5.92,0
1867,2015-10-16,5.92,5.92,5.92,5.92,0
1866,2015-10-15,5.92,5.92,5.92,5.92,0
1865,2015-10-14,5.92,5.92,5.92,5.92,0
1864,2015-10-13,5.92,5.92,5.92,5.92,0
1863,2015-10-12,5.92,5.92,5.92,5.92,0
1862,2015-10-09,5.92,5.92,5.92,5.92,0
1861,2015-10-08,5.92,5.92,5.92,5.92,0
1860,2015-10-07,5.92,5.92,5.92,5.92,0
1859,2015-10-06,5.92,5.92,5.92,5.92,0
1858,2015-10-05,5.92,5.92,5.92,5.92,0
1857,2015-10-02,5.92,5.92,5.92,5.92,0
1856,2015-10-01,5.92,5.92,5.92,5.92,0
1855,2015-09-30,5.92,5.92,5.92,5.92,0
1854,2015-09-29,5.92,5.92,5.92,5.92,0
1853,2015-09-28,5.92,5.92,5.92,5.92,0
1852,2015-09-25,5.92,5.92,5.92,5.92,0
1851,2015-09-24,5.92,5.92,5.92,5.92,0
1850,2015-09-23,5.92,5.92,5.92,5.92,0
1849,2015-09-22,5.92,5.92,5.92,5.92,0
1848,2015-09-21,5.92,5.92,5.92,5.92,0
1847,2015-09-18,5.92,5.92,5.92,5.92,0
1846,2015-09-17,5.92,5.92,5.92,5.92,0
1845,2015-09-16,5.92,5.92,5.92,5.92,0
1844,2015-09-15,5.92,5.92,5.92,5.92,0
1843,2015-09-14,5.92,5.92,5.92,5.92,0
1842,2015-09-11,5.92,5.92,5.92,5.92,0
1841,2015-09-10,5.92,5.92,5.92,5.92,0
1840,2015-09-09,5.92,5.92,5.92,5.92,0
1839,2015-09-08,5.92,5.92,5.92,5.92,0
1838,2015-09-07,5.92,5.92,5.92,5.92,0
1837,2015-09-04,5.92,5.92,5.92,5.92,0
1836,2015-09-03,5.92,5.92,5.92,5.92,0
1835,2015-09-01,5.92,5.92,5.92,5.92,0
1834,2015-08-31,5.92,5.92,5.92,5.92,0
1833,2015-08-28,5.92,5.92,5.92,5.92,0
1832,2015-08-27,5.92,5.92,5.92,5.92,0
1831,2015-08-26,5.92,5.92,5.92,5.92,0
1830,2015-08-25,5.92,5.92,5.92,5.92,0
1829,2015-08-24,5.92,5.92,5.92,5.92,0
1828,2015-08-21,5.92,5.92,5.92,5.92,0
1827,2015-08-20,5.92,5.92,5.92,5.92,0
1826,2015-08-19,5.92,5.92,5.92,5.92,0
1825,2015-08-18,5.92,5.92,5.92,5.92,0
1824,2015-08-17,5.92,5.92,5.92,5.92,0
1823,2015-08-14,5.92,5.92,5.92,5.92,0
1822,2015-08-13,5.92,5.92,5.92,5.92,0
1821,2015-08-12,5.92,5.92,5.92,5.92,0
1820,2015-08-11,5.92,5.92,5.92,5.92,0
1819,2015-08-10,5.92,5.92,5.92,5.92,0
1818,2015-08-07,5.92,5.92,5.92,5.92,0
1817,2015-08-06,5.92,5.92,5.92,5.92,0
1816,2015-08-05,5.92,5.92,5.92,5.92,0
1815,2015-08-04,5.92,5.92,5.92,5.92,0
1814,2015-08-03,5.92,5.92,5.92,5.92,0
1813,2015-07-31,5.92,5.92,5.92,5.92,0
1812,2015-07-30,5.92,5.92,5.92,5.92,0
1811,2015-07-29,5.92,5.92,5.92,5.92,0
1810,2015-07-28,5.92,5.92,5.92,5.92,0
1809,2015-07-27,5.92,5.92,5.92,5.92,0
1808,2015-07-24,5.92,5.92,5.92,5.92,0
1807,2015-07-23,5.92,5.92,5.92,5.92,0
1806,2015-07-22,5.92,5.92,5.92,5.92,0
1805,2015-07-21,5.92,5.92,5.92,5.92,0
1804,2015-07-20,5.92,5.92,5.92,5.92,0
1803,2015-07-17,5.92,5.92,5.92,5.92,0
1802,2015-07-16,5.92,5.92,5.92,5.92,0
1801,2015-07-15,5.92,5.92,5.92,5.92,0
1800,2015-07-14,5.92,5.92,5.92,5.92,0
1799,2015-07-13,5.92,5.92,5.92,5.92,0
1798,2015-07-10,5.92,5.92,5.92,5.92,0
1797,2015-07-09,5.92,5.92,5.92,5.92,0
1796,2015-07-08,5.92,5.92,5.92,5.92,0
1795,2015-07-07,5.92,5.92,5.92,5.92,0
1794,2015-07-06,5.92,5.92,5.92,5.92,0
1793,2015-07-03,5.92,5.92,5.92,5.92,0
1792,2015-07-02,5.92,5.92,5.92,5.92,0
1791,2015-07-01,5.92,5.92,5.92,5.92,100
1790,2015-06-30,5.38,5.38,5.38,5.38,100
1789,2015-06-29,4.92,4.92,4.92,4.92,0
1788,2015-06-26,4.92,4.92,4.92,4.92,0
1787,2015-06-25,4.92,4.92,4.92,4.92,0
1786,2015-06-24,4.92,4.92,4.92,4.92,100
1785,2015-06-23,5.46,5.46,5.46,5.46,100
1784,2015-06-22,5.08,5.08,5.08,5.08,100
1783,2015-06-19,4.15,4.61,4.15,4.61,3100
1782,2015-06-18,4.61,4.61,4.61,4.61,0
1781,2015-06-17,4.15,4.61,4.15,4.61,36200
1780,2015-06-16,4.31,4.31,4.31,4.31,0
1779,2015-06-15,4.31,4.31,4.31,4.31,0
1778,2015-06-12,4.31,4.31,4.31,4.31,0
1777,2015-06-11,4.31,4.31,4.31,4.31,0
1776,2015-06-10,4.31,4.31,4.31,4.31,0
1775,2015-06-09,4.31,4.31,4.31,4.31,0
1774,2015-06-08,4.31,4.31,4.31,4.31,0
1773,2015-06-05,4.31,4.31,4.31,4.31,0
1772,2015-06-04,4.31,4.31,4.31,4.31,0
1771,2015-06-03,4.31,4.31,4.31,4.31,0
1770,2015-06-02,4.31,4.31,4.31,4.31,0
1769,2015-06-01,4.31,4.31,4.31,4.31,0
1768,2015-05-29,4.31,4.31,4.31,4.31,0
1767,2015-05-28,4.31,4.31,4.31,4.31,0
1766,2015-05-27,4.31,4.31,4.31,4.31,0
1765,2015-05-26,4.31,4.31,4.31,4.31,0
1764,2015-05-25,4.31,4.31,4.31,4.31,0
1763,2015-05-22,4.31,4.31,4.31,4.31,0
1762,2015-05-21,4.31,4.31,4.31,4.31,0
1761,2015-05-20,4.31,4.31,4.31,4.31,0
1760,2015-05-19,4.31,4.31,4.31,4.31,0
1759,2015-05-18,4.31,4.31,4.31,4.31,0
1758,2015-05-15,4.31,4.31,4.31,4.31,100
1757,2015-05-14,4.54,4.54,4.54,4.54,0
1756,2015-05-13,4.54,4.54,4.54,4.54,0
1755,2015-05-12,4.54,4.54,4.54,4.54,0
1754,2015-05-11,4.54,4.54,4.54,4.54,0
1753,2015-05-08,4.54,4.54,4.54,4.54,0
1752,2015-05-07,4.54,4.54,4.54,4.54,0
1751,2015-05-06,4.54,4.54,4.54,4.54,300
1750,2015-05-05,5.0,5.0,5.0,5.0,0
1749,2015-05-04,5.0,5.0,5.0,5.0,0
1748,2015-04-27,5.0,5.0,5.0,5.0,0
1747,2015-04-24,5.0,5.0,5.0,5.0,0
1746,2015-04-23,5.0,5.0,5.0,5.0,0
1745,2015-04-22,5.0,5.0,5.0,5.0,0
1744,2015-04-21,5.0,5.0,5.0,5.0,0
1743,2015-04-20,5.0,5.0,5.0,5.0,0
1742,2015-04-17,5.0,5.0,5.0,5.0,0
1741,2015-04-16,5.0,5.0,5.0,5.0,0
1740,2015-04-15,5.0,5.0,5.0,5.0,0
1739,2015-04-14,5.0,5.0,5.0,5.0,0
1738,2015-04-13,5.0,5.0,5.0,5.0,0
1737,2015-04-10,5.0,5.0,5.0,5.0,0
1736,2015-04-09,5.0,5.0,5.0,5.0,100
1735,2015-04-08,5.46,5.46,5.46,5.46,0
1734,2015-04-07,5.46,5.46,5.46,5.46,0
1733,2015-04-06,5.46,5.46,5.46,5.46,0
1732,2015-04-03,5.46,5.46,5.46,5.46,0
1731,2015-04-02,5.46,5.46,5.46,5.46,0
1730,2015-04-01,5.46,5.46,5.46,5.46,0
1729,2015-03-31,5.46,5.46,5.46,5.46,0
1728,2015-03-30,5.46,5.46,5.46,5.46,0
1727,2015-03-27,5.46,5.46,5.46,5.46,100
1726,2015-03-26,5.08,5.08,5.08,5.08,0
1725,2015-03-25,5.08,5.08,5.08,5.08,0
1724,2015-03-24,5.08,5.08,5.08,5.08,0
1723,2015-03-23,5.08,5.08,5.08,5.08,0
1722,2015-03-20,5.08,5.08,5.08,5.08,0
1721,2015-03-19,5.08,5.08,5.08,5.08,100
1720,2015-03-18,4.69,4.69,4.69,4.69,0
1719,2015-03-17,4.69,4.69,4.69,4.69,0
1718,2015-03-16,4.69,4.69,4.69,4.69,0
1717,2015-03-13,4.69,4.69,4.69,4.69,1500
1716,2015-03-12,4.69,4.69,4.69,4.69,4900
1715,2015-03-11,4.69,4.69,4.69,4.69,9800
1714,2015-03-10,4.69,4.69,4.69,4.69,0
1713,2015-03-09,4.69,4.69,4.69,4.69,0
1712,2015-03-06,4.69,4.69,4.69,4.69,0
1711,2015-03-05,4.69,4.69,4.69,4.69,0
1710,2015-03-04,4.69,4.69,4.69,4.69,0
1709,2015-03-03,4.69,4.69,4.69,4.69,0
1708,2015-03-02,4.69,4.69,4.69,4.69,0
1707,2015-02-27,4.69,4.69,4.69,4.69,0
1706,2015-02-26,4.69,4.69,4.69,4.69,0
1705,2015-02-25,4.69,4.69,4.69,4.69,0
1704,2015-02-24,4.69,4.69,4.69,4.69,0
1703,2015-02-13,4.69,4.69,4.69,4.69,0
1702,2015-02-12,4.69,4.69,4.69,4.69,0
1701,2015-02-11,4.69,4.69,4.69,4.69,0
1700,2015-02-10,4.69,4.69,4.69,4.69,200
1699,2015-02-09,4.46,4.46,4.46,4.46,0
1698,2015-02-06,4.46,4.46,4.46,4.46,0
1697,2015-02-05,4.46,4.46,4.46,4.46,0
1696,2015-02-04,4.46,4.46,4.46,4.46,0
1695,2015-02-03,4.46,4.46,4.46,4.46,0
1694,2015-02-02,4.46,4.46,4.46,4.46,0
1693,2015-01-30,4.46,4.46,4.46,4.46,0
1692,2015-01-29,4.46,4.46,4.46,4.46,0
1691,2015-01-28,4.46,4.46,4.46,4.46,0
1690,2015-01-27,4.46,4.46,4.46,4.46,0
1689,2015-01-26,4.46,4.46,4.46,4.46,0
1688,2015-01-23,5.0,5.0,4.46,4.46,1700
1687,2015-01-22,4.61,4.61,4.61,4.61,100
1686,2015-01-21,4.23,4.23,4.23,4.23,200
1685,2015-01-20,4.69,4.69,4.69,4.69,600
1684,2015-01-19,4.38,4.38,4.38,4.38,100
1683,2015-01-16,4.0,4.0,4.0,4.0,100
1682,2015-01-15,3.77,4.0,3.77,4.0,200
1681,2015-01-14,4.15,4.15,4.15,4.15,100
1680,2015-01-13,4.0,4.0,4.0,4.0,150
1679,2015-01-12,3.77,3.77,3.77,3.77,0
1678,2015-01-09,3.77,3.77,3.77,3.77,100
1677,2015-01-08,3.46,3.46,3.46,3.46,0
1676,2015-01-07,3.46,3.46,3.46,3.46,0
1675,2015-01-06,3.46,3.46,3.46,3.46,0
1674,2015-01-05,3.46,3.46,3.46,3.46,0
1673,2014-12-31,3.46,3.46,3.46,3.46,0
1672,2014-12-30,3.46,3.46,3.46,3.46,0
1671,2014-12-29,3.46,3.46,3.46,3.46,0
1670,2014-12-26,3.46,3.46,3.46,3.46,400
1669,2014-12-25,3.46,3.46,3.46,3.46,50
1668,2014-12-24,3.46,3.46,3.46,3.46,0
1667,2014-12-23,3.46,3.46,3.46,3.46,2000
1666,2014-12-22,3.54,3.54,3.54,3.54,0
1665,2014-12-19,3.54,3.54,3.54,3.54,0
1664,2014-12-18,3.46,3.54,3.46,3.54,11000
1663,2014-12-17,3.46,3.46,3.46,3.46,600
1662,2014-12-16,3.46,3.46,3.46,3.46,100
1661,2014-12-15,3.77,3.77,3.77,3.77,0
1660,2014-12-12,3.77,3.77,3.77,3.77,200
1659,2014-12-11,3.46,3.46,3.46,3.46,0
1658,2014-12-10,3.46,3.46,3.46,3.46,0
1657,2014-12-09,3.46,3.46,3.46,3.46,100
1656,2014-12-08,3.23,3.23,3.23,3.23,100
1655,2014-12-05,3.77,3.77,3.54,3.54,1100
1654,2014-12-04,3.46,3.46,3.46,3.46,0
1653,2014-12-03,3.46,3.46,3.46,3.46,0
1652,2014-12-02,3.85,3.85,3.46,3.46,300
1651,2014-12-01,3.85,3.85,3.85,3.85,0
1650,2014-11-28,3.85,3.85,3.85,3.85,0
1649,2014-11-27,3.85,3.85,3.85,3.85,0
1648,2014-11-26,3.85,3.85,3.85,3.85,0
1647,2014-11-25,3.77,3.85,3.77,3.85,2900
1646,2014-11-24,3.69,3.69,3.69,3.69,0
1645,2014-11-21,3.69,3.69,3.69,3.69,100
1644,2014-11-20,3.77,3.77,3.77,3.77,100
1643,2014-11-19,3.77,3.77,3.77,3.77,0
1642,2014-11-18,3.77,3.77,3.77,3.77,0
1641,2014-11-17,3.77,3.77,3.77,3.77,0
1640,2014-11-14,3.77,3.77,3.77,3.77,0
1639,2014-11-13,3.77,3.77,3.77,3.77,0
1638,2014-11-12,3.77,3.77,3.77,3.77,0
1637,2014-11-11,3.77,3.77,3.77,3.77,900
1636,2014-11-10,3.61,3.61,3.61,3.61,100
1635,2014-11-07,3.46,3.46,3.46,3.46,0
1634,2014-11-06,3.46,3.46,3.46,3.46,0
1633,2014-11-05,3.46,3.46,3.46,3.46,0
1632,2014-11-04,3.46,3.46,3.46,3.46,0
1631,2014-11-03,3.77,3.77,3.46,3.46,200
1630,2014-10-31,3.69,3.69,3.69,3.69,0
1629,2014-10-30,3.69,3.69,3.69,3.69,100
1628,2014-10-29,3.38,3.38,3.38,3.38,0
1627,2014-10-28,3.38,3.38,3.38,3.38,100
1626,2014-10-27,3.46,3.46,3.46,3.46,0
1625,2014-10-24,3.46,3.46,3.46,3.46,0
1624,2014-10-23,3.46,3.46,3.46,3.46,600
1623,2014-10-22,3.15,3.15,3.15,3.15,100
1622,2014-10-21,3.46,3.46,3.46,3.46,100
1621,2014-10-20,3.77,3.77,3.77,3.77,0
1620,2014-10-17,3.77,3.77,3.77,3.77,2000
1619,2014-10-16,3.77,3.77,3.77,3.77,100
1618,2014-10-15,3.69,3.69,3.69,3.69,100
1617,2014-10-14,3.08,3.38,3.08,3.38,3300
1616,2014-10-13,3.08,3.08,3.08,3.08,500
1615,2014-10-10,3.23,3.23,3.23,3.23,0
1614,2014-10-09,3.77,3.77,3.15,3.23,2200
1613,2014-10-08,3.46,3.46,3.46,3.46,0
1612,2014-10-07,3.54,3.54,3.46,3.46,2300
1611,2014-10-06,3.46,3.46,3.46,3.46,200
1610,2014-10-03,3.46,3.46,3.46,3.46,0
1609,2014-10-02,3.46,3.46,3.46,3.46,0
1608,2014-10-01,3.46,3.46,3.46,3.46,100
1607,2014-09-30,3.85,3.85,3.85,3.85,0
1606,2014-09-29,3.85,3.85,3.85,3.85,0
1605,2014-09-26,3.85,3.85,3.85,3.85,0
1604,2014-09-25,3.85,3.85,3.85,3.85,0
1603,2014-09-24,3.85,3.85,3.85,3.85,0
1602,2014-09-23,3.38,3.85,3.38,3.85,2100
1601,2014-09-22,3.69,3.69,3.69,3.69,0
1600,2014-09-19,3.69,3.69,3.69,3.69,0
1599,2014-09-18,3.69,3.69,3.69,3.69,100
1598,2014-09-17,3.38,3.38,3.38,3.38,0
1597,2014-09-16,3.46,3.46,3.38,3.38,1000
1596,2014-09-15,3.46,3.46,3.46,3.46,0
1595,2014-09-12,3.46,3.46,3.46,3.46,0
1594,2014-09-11,3.46,3.46,3.46,3.46,0
1593,2014-09-10,3.46,3.46,3.46,3.46,0
1592,2014-09-09,3.46,3.46,3.46,3.46,400
1591,2014-09-08,3.46,3.46,3.46,3.46,0
1590,2014-09-05,3.46,3.46,3.46,3.46,1000
1589,2014-09-04,3.31,3.61,3.31,3.61,1600
1588,2014-09-03,3.31,3.31,3.31,3.31,0
1587,2014-08-29,3.31,3.31,3.31,3.31,0
1586,2014-08-28,3.23,3.31,3.23,3.31,4300
1585,2014-08-27,3.38,3.38,3.38,3.38,0
1584,2014-08-26,3.38,3.38,3.38,3.38,3000
1583,2014-08-25,3.31,3.31,3.31,3.31,100
1582,2014-08-22,3.15,3.15,3.15,3.15,100
1581,2014-08-21,2.92,2.92,2.92,2.92,7100
1580,2014-08-20,3.08,3.08,3.08,3.08,0
1579,2014-08-19,3.08,3.08,3.08,3.08,0
1578,2014-08-18,3.08,3.08,3.08,3.08,100
1577,2014-08-15,3.38,3.38,3.38,3.38,0
1576,2014-08-14,3.38,3.38,3.38,3.38,0
1575,2014-08-13,3.23,3.38,3.23,3.38,1000
1574,2014-08-12,3.23,3.23,3.23,3.23,0
1573,2014-08-11,3.23,3.23,3.23,3.23,100
1572,2014-08-08,3.46,3.46,3.46,3.46,0
1571,2014-08-07,3.46,3.46,3.46,3.46,100
1570,2014-08-06,3.31,3.31,3.31,3.31,0
1569,2014-08-05,3.31,3.31,3.31,3.31,0
1568,2014-08-04,3.31,3.31,3.31,3.31,2000
1567,2014-08-01,3.15,3.15,3.15,3.15,800
1566,2014-07-31,2.92,2.92,2.92,2.92,0
1565,2014-07-30,2.54,2.92,2.54,2.92,400
1564,2014-07-29,2.69,2.69,2.69,2.69,0
1563,2014-07-28,2.69,2.69,2.69,2.69,100
1562,2014-07-25,2.85,2.85,2.85,2.85,0
1561,2014-07-24,2.85,2.85,2.85,2.85,0
1560,2014-07-23,3.46,3.46,2.85,2.85,900
1559,2014-07-22,3.15,3.15,3.15,3.15,1000
1558,2014-07-21,2.92,2.92,2.92,2.92,100
1557,2014-07-18,3.08,3.08,3.08,3.08,0
1556,2014-07-17,3.08,3.08,3.0,3.08,30200
1555,2014-07-16,3.31,3.31,3.31,3.31,0
1554,2014-07-15,3.31,3.31,3.31,3.31,2000
1553,2014-07-14,3.31,3.31,3.31,3.31,100
1552,2014-07-11,3.54,3.54,3.54,3.54,3000
1551,2014-07-10,3.54,3.54,3.54,3.54,0
1550,2014-07-09,3.46,3.54,3.46,3.54,4500
1549,2014-07-08,3.23,3.23,3.23,3.23,100
1548,2014-07-07,3.38,3.38,3.38,3.38,200
1547,2014-07-04,3.54,3.54,3.54,3.54,2000
1546,2014-07-03,3.38,3.38,3.38,3.38,1000
1545,2014-07-02,3.31,3.31,3.31,3.31,0
1544,2014-07-01,3.31,3.31,3.31,3.31,0
1543,2014-06-30,3.31,3.31,3.31,3.31,0
1542,2014-06-27,3.31,3.31,3.31,3.31,100
1541,2014-06-26,3.54,3.54,3.54,3.54,100
1540,2014-06-25,3.92,3.92,3.92,3.92,0
1539,2014-06-24,3.92,3.92,3.92,3.92,0
1538,2014-06-23,3.92,3.92,3.92,3.92,0
1537,2014-06-20,3.92,3.92,3.92,3.92,0
1536,2014-06-19,3.92,3.92,3.92,3.92,0
1535,2014-06-18,3.92,3.92,3.92,3.92,0
1534,2014-06-17,3.92,3.92,3.92,3.92,0
1533,2014-06-16,3.92,3.92,3.92,3.92,0
1532,2014-06-13,3.92,3.92,3.92,3.92,0
1531,2014-06-12,3.92,3.92,3.92,3.92,2500
1530,2014-06-11,3.69,3.69,3.69,3.69,0
1529,2014-06-10,3.69,3.69,3.69,3.69,700
1528,2014-06-09,3.85,3.85,3.85,3.85,300
1527,2014-06-06,3.54,3.54,3.54,3.54,500
1526,2014-06-05,3.92,3.92,3.92,3.92,0
1525,2014-06-04,3.92,3.92,3.92,3.92,0
1524,2014-06-03,3.92,3.92,3.92,3.92,0
1523,2014-06-02,3.92,3.92,3.92,3.92,0
1522,2014-05-30,3.92,4.08,3.92,3.92,2800
1521,2014-05-29,4.15,4.15,4.15,4.15,5000
1520,2014-05-28,4.61,4.61,4.61,4.61,0
1519,2014-05-27,4.61,4.61,4.61,4.61,0
1518,2014-05-26,4.61,4.61,4.61,4.61,0
1517,2014-05-23,4.61,4.61,4.61,4.61,0
1516,2014-05-22,4.61,4.61,4.61,4.61,300
1515,2014-05-21,4.92,4.92,4.92,4.92,0
1514,2014-05-20,4.92,4.92,4.92,4.92,0
1513,2014-05-19,4.92,4.92,4.92,4.92,0
1512,2014-05-16,4.92,4.92,4.92,4.92,0
1511,2014-05-15,4.92,4.92,4.92,4.92,0
1510,2014-05-14,4.92,4.92,4.92,4.92,0
1509,2014-05-13,4.92,4.92,4.92,4.92,0
1508,2014-05-12,4.92,4.92,4.92,4.92,0
1507,2014-05-09,4.92,4.92,4.92,4.92,0
1506,2014-05-08,4.92,4.92,4.92,4.92,0
1505,2014-05-07,4.92,4.92,4.92,4.92,0
1504,2014-05-06,4.92,4.92,4.92,4.92,0
1503,2014-05-05,4.92,4.92,4.92,4.92,0
1502,2014-04-29,4.92,4.92,4.92,4.92,0
1501,2014-04-28,4.92,4.92,4.92,4.92,0
1500,2014-04-25,4.92,4.92,4.92,4.92,100
1499,2014-04-24,5.0,5.0,5.0,5.0,0
1498,2014-04-23,5.0,5.0,5.0,5.0,0
1497,2014-04-22,5.0,5.0,5.0,5.0,0
1496,2014-04-21,5.0,5.0,5.0,5.0,0
1495,2014-04-18,5.0,5.0,5.0,5.0,0
1494,2014-04-17,5.0,5.0,5.0,5.0,0
1493,2014-04-16,5.0,5.0,5.0,5.0,0
1492,2014-04-15,5.0,5.0,5.0,5.0,0
1491,2014-04-14,5.0,5.0,5.0,5.0,0
1490,2014-04-11,5.0,5.0,5.0,5.0,100
1489,2014-04-10,5.31,5.31,5.31,5.31,0
1488,2014-04-08,5.31,5.31,5.31,5.31,0
1487,2014-04-07,5.31,5.31,5.31,5.31,0
1486,2014-04-04,5.31,5.31,5.31,5.31,0
1485,2014-04-03,5.31,5.31,5.31,5.31,0
1484,2014-04-02,5.31,5.31,5.31,5.31,0
1483,2014-04-01,5.31,5.31,5.31,5.31,0
1482,2014-03-31,5.31,5.31,5.31,5.31,0
1481,2014-03-28,5.31,5.31,5.31,5.31,0
1480,2014-03-27,5.31,5.31,5.31,5.31,0
1479,2014-03-26,5.31,5.31,5.31,5.31,0
1478,2014-03-25,5.08,5.54,5.08,5.31,2800
1477,2014-03-24,5.0,5.08,5.0,5.08,7000
1476,2014-03-21,4.61,4.61,4.61,4.61,100
1475,2014-03-20,4.46,4.54,4.46,4.46,15500
1474,2014-03-19,4.85,4.85,4.85,4.85,100
1473,2014-03-18,5.08,5.08,5.08,5.08,0
1472,2014-03-17,5.08,5.08,5.08,5.08,0
1471,2014-03-14,4.61,5.08,4.61,5.08,1100
1470,2014-03-13,4.61,4.61,4.61,4.61,0
1469,2014-03-12,4.61,4.61,4.61,4.61,0
1468,2014-03-11,4.61,4.61,4.61,4.61,0
1467,2014-03-10,4.61,4.61,4.61,4.61,3500
1466,2014-03-07,4.54,4.54,4.54,4.54,0
1465,2014-03-06,4.54,4.54,4.54,4.54,0
1464,2014-03-05,4.54,4.54,4.54,4.54,0
1463,2014-03-04,4.54,4.54,4.54,4.54,100
1462,2014-03-03,5.0,5.0,5.0,5.0,0
1461,2014-02-28,4.61,5.0,4.61,5.0,2700
1460,2014-02-27,4.61,4.61,4.61,4.61,0
1459,2014-02-26,4.61,4.61,4.61,4.61,0
1458,2014-02-25,4.61,4.61,4.61,4.61,200
1457,2014-02-24,4.23,4.23,4.23,4.23,0
1456,2014-02-21,4.15,4.23,4.15,4.23,1000
1455,2014-02-20,3.92,3.92,3.92,3.92,500
1454,2014-02-19,4.08,4.15,4.08,4.15,1000
1453,2014-02-18,4.0,4.0,4.0,4.0,4800
1452,2014-02-17,3.92,3.92,3.92,3.92,600
1451,2014-02-14,3.61,3.61,3.61,3.61,100
1450,2014-02-13,3.46,3.46,3.46,3.46,0
1449,2014-02-12,3.46,3.46,3.46,3.46,900
1448,2014-02-11,3.46,3.46,3.46,3.46,2100
1447,2014-02-10,3.23,3.23,3.23,3.23,0
1446,2014-02-07,3.23,3.23,3.23,3.23,0
1445,2014-02-06,3.23,3.23,3.23,3.23,0
1444,2014-01-27,3.23,3.23,3.23,3.23,0
1443,2014-01-24,3.23,3.23,3.23,3.23,0
1442,2014-01-23,3.23,3.23,3.23,3.23,0
1441,2014-01-22,3.23,3.23,3.23,3.23,2000
1440,2014-01-21,3.23,3.23,3.23,3.23,0
1439,2014-01-20,3.23,3.23,3.23,3.23,0
1438,2014-01-17,3.23,3.23,3.23,3.23,0
1437,2014-01-16,3.23,3.23,3.23,3.23,600
1436,2014-01-15,3.23,3.23,3.23,3.23,0
1435,2014-01-14,3.23,3.23,3.23,3.23,0
1434,2014-01-13,3.23,3.23,3.23,3.23,0
1433,2014-01-10,3.23,3.23,3.23,3.23,0
1432,2014-01-09,3.23,3.23,3.23,3.23,0
1431,2014-01-08,3.23,3.23,3.23,3.23,0
1430,2014-01-07,3.23,3.23,3.23,3.23,0
1429,2014-01-06,3.23,3.23,3.23,3.23,100
1428,2014-01-03,3.15,3.15,3.15,3.15,0
1427,2014-01-02,3.15,3.15,3.15,3.15,0
1426,2013-12-31,3.15,3.15,3.15,3.15,0
1425,2013-12-30,3.15,3.15,3.15,3.15,0
1424,2013-12-27,3.15,3.15,3.15,3.15,0
1423,2013-12-26,3.15,3.15,3.15,3.15,0
1422,2013-12-25,3.15,3.15,3.15,3.15,100
1421,2013-12-24,3.15,3.15,3.15,3.15,400
1420,2013-12-23,3.46,3.46,3.46,3.46,0
1419,2013-12-20,3.46,3.46,3.46,3.46,200
1418,2013-12-19,3.85,3.85,3.85,3.85,0
1417,2013-12-18,3.85,3.85,3.85,3.85,0
1416,2013-12-17,3.85,3.85,3.85,3.85,0
1415,2013-12-16,3.85,3.85,3.85,3.85,0
1414,2013-12-13,3.85,3.85,3.85,3.85,0
1413,2013-12-12,3.85,3.85,3.85,3.85,0
1412,2013-12-11,3.85,3.85,3.85,3.85,0
1411,2013-12-10,3.85,3.85,3.85,3.85,0
1410,2013-12-09,3.85,3.85,3.85,3.85,0
1409,2013-12-06,3.85,3.85,3.85,3.85,0
1408,2013-12-05,3.85,3.85,3.85,3.85,0
1407,2013-12-04,3.85,3.85,3.85,3.85,0
1406,2013-12-03,3.85,3.85,3.85,3.85,200
1405,2013-12-02,3.85,3.85,3.85,3.85,200
1404,2013-11-29,4.08,4.08,4.08,4.08,0
1403,2013-11-28,4.08,4.08,4.08,4.08,0
1402,2013-11-27,4.08,4.08,4.08,4.08,0
1401,2013-11-26,4.08,4.08,4.08,4.08,0
1400,2013-11-25,4.08,4.08,4.08,4.08,0
1399,2013-11-22,4.08,4.08,4.08,4.08,0
1398,2013-11-21,4.08,4.08,4.08,4.08,0
1397,2013-11-20,4.08,4.08,4.08,4.08,300
1396,2013-11-19,4.31,4.31,4.31,4.31,0
1395,2013-11-18,4.31,4.31,4.31,4.31,0
1394,2013-11-15,4.31,4.31,4.31,4.31,0
1393,2013-11-14,4.31,4.31,4.31,4.31,0
1392,2013-11-13,4.31,4.31,4.31,4.31,0
1391,2013-11-12,4.31,4.31,4.31,4.31,0
1390,2013-11-11,4.31,4.31,4.31,4.31,0
1389,2013-11-08,4.31,4.31,4.31,4.31,0
1388,2013-11-07,4.23,4.31,4.23,4.31,5500
1387,2013-11-06,4.0,4.0,4.0,4.0,300
1386,2013-11-05,4.0,4.0,4.0,4.0,400
1385,2013-11-04,4.08,4.08,4.08,4.08,0
1384,2013-11-01,4.08,4.08,4.08,4.08,0
1383,2013-10-31,4.08,4.08,4.08,4.08,0
1382,2013-10-30,4.08,4.08,4.08,4.08,0
1381,2013-10-29,4.08,4.08,4.08,4.08,0
1380,2013-10-28,4.08,4.08,4.08,4.08,0
1379,2013-10-25,4.08,4.08,4.08,4.08,0
1378,2013-10-24,4.08,4.08,4.08,4.08,0
1377,2013-10-23,4.08,4.08,4.08,4.08,0
1376,2013-10-22,4.08,4.08,4.08,4.08,0
1375,2013-10-21,4.08,4.08,4.08,4.08,0
1374,2013-10-18,4.08,4.08,4.08,4.08,0
1373,2013-10-17,4.08,4.08,4.08,4.08,0
1372,2013-10-16,4.08,4.08,4.08,4.08,0
1371,2013-10-15,4.08,4.08,4.08,4.08,0
1370,2013-10-14,4.08,4.08,4.08,4.08,0
1369,2013-10-11,4.08,4.08,4.08,4.08,0
1368,2013-10-10,4.08,4.08,4.08,4.08,0
1367,2013-10-09,4.08,4.08,4.08,4.08,0
1366,2013-10-08,4.08,4.08,4.08,4.08,0
1365,2013-10-07,4.08,4.08,4.08,4.08,0
1364,2013-10-04,4.08,4.08,4.08,4.08,0
1363,2013-10-03,4.08,4.08,4.08,4.08,0
1362,2013-10-02,4.08,4.08,4.08,4.08,0
1361,2013-10-01,4.08,4.08,4.08,4.08,1400
1360,2013-09-30,3.85,3.85,3.85,3.85,1100
1359,2013-09-27,3.54,3.54,3.54,3.54,0
1358,2013-09-26,3.54,3.54,3.54,3.54,0
1357,2013-09-25,3.54,3.54,3.54,3.54,0
1356,2013-09-24,3.54,3.54,3.54,3.54,0
1355,2013-09-23,3.54,3.54,3.54,3.54,0
1354,2013-09-20,3.54,3.54,3.54,3.54,0
1353,2013-09-19,3.54,3.54,3.54,3.54,0
1352,2013-09-18,3.54,3.54,3.54,3.54,0
1351,2013-09-17,3.54,3.54,3.54,3.54,2000
1350,2013-09-16,3.54,3.54,3.54,3.54,8300
1349,2013-09-13,3.54,3.54,3.54,3.54,0
1348,2013-09-12,3.54,3.54,3.54,3.54,0
1347,2013-09-11,3.54,3.54,3.54,3.54,0
1346,2013-09-10,3.54,3.54,3.54,3.54,300
1345,2013-09-09,3.92,3.92,3.92,3.92,0
1344,2013-09-06,3.92,3.92,3.92,3.92,0
1343,2013-09-05,3.92,3.92,3.92,3.92,0
1342,2013-09-04,3.92,3.92,3.92,3.92,0
1341,2013-09-03,3.92,3.92,3.92,3.92,0
1340,2013-08-30,3.92,3.92,3.92,3.92,0
1339,2013-08-29,3.92,3.92,3.92,3.92,0
1338,2013-08-28,3.92,3.92,3.92,3.92,0
1337,2013-08-27,3.92,3.92,3.92,3.92,0
1336,2013-08-26,3.92,3.92,3.92,3.92,0
1335,2013-08-23,3.92,3.92,3.92,3.92,0
1334,2013-08-22,3.92,3.92,3.92,3.92,0
1333,2013-08-21,3.92,3.92,3.92,3.92,0
1332,2013-08-20,3.92,3.92,3.92,3.92,0
1331,2013-08-19,3.92,3.92,3.92,3.92,0
1330,2013-08-16,3.92,3.92,3.92,3.92,0
1329,2013-08-15,3.92,3.92,3.92,3.92,0
1328,2013-08-14,3.92,3.92,3.92,3.92,0
1327,2013-08-13,3.92,3.92,3.92,3.92,0
1326,2013-08-12,3.92,3.92,3.92,3.92,0
1325,2013-08-09,3.92,3.92,3.92,3.92,0
1324,2013-08-08,3.92,3.92,3.92,3.92,0
1323,2013-08-07,3.92,3.92,3.92,3.92,0
1322,2013-08-06,3.92,3.92,3.92,3.92,0
1321,2013-08-05,3.92,3.92,3.92,3.92,0
1320,2013-08-02,3.92,3.92,3.92,3.92,0
1319,2013-08-01,3.92,3.92,3.92,3.92,0
1318,2013-07-31,3.92,3.92,3.92,3.92,0
1317,2013-07-30,3.92,3.92,3.92,3.92,100
1316,2013-07-29,3.61,3.61,3.61,3.61,0
1315,2013-07-26,3.61,3.61,3.61,3.61,0
1314,2013-07-25,3.61,3.61,3.61,3.61,2800
1313,2013-07-24,3.61,3.61,3.61,3.61,0
1312,2013-07-23,3.61,3.61,3.61,3.61,0
1311,2013-07-22,3.61,3.61,3.61,3.61,0
1310,2013-07-19,3.46,3.46,3.46,3.46,100
1309,2013-07-18,3.17,3.17,3.17,3.17,6200
1308,2013-07-17,3.17,3.17,3.17,3.17,0
1307,2013-07-16,3.17,3.17,3.17,3.17,500
1306,2013-07-15,3.17,3.17,3.17,3.17,0
1305,2013-07-12,3.17,3.17,3.17,3.17,0
1304,2013-07-11,3.17,3.17,3.17,3.17,0
1303,2013-07-10,3.17,3.17,3.17,3.17,100
1302,2013-07-09,3.31,3.31,3.31,3.31,0
1301,2013-07-08,3.31,3.31,3.31,3.31,0
1300,2013-07-05,3.31,3.31,3.31,3.31,0
1299,2013-07-04,3.31,3.31,3.31,3.31,0
1298,2013-07-03,3.31,3.31,3.31,3.31,0
1297,2013-07-02,3.31,3.31,3.31,3.31,0
1296,2013-07-01,3.31,3.31,3.31,3.31,0
1295,2013-06-28,3.31,3.31,3.31,3.31,0
1294,2013-06-27,3.31,3.31,3.31,3.31,100
1293,2013-06-26,3.61,3.61,3.61,3.61,0
1292,2013-06-25,3.61,3.61,3.61,3.61,400
1291,2013-06-24,3.31,3.31,3.31,3.31,0
1290,2013-06-21,3.31,3.31,3.31,3.31,0
1289,2013-06-20,3.31,3.31,3.31,3.31,0
1288,2013-06-19,3.31,3.31,3.31,3.31,0
1287,2013-06-18,3.31,3.31,3.31,3.31,0
1286,2013-06-17,3.31,3.31,3.31,3.31,0
1285,2013-06-14,3.31,3.31,3.31,3.31,0
1284,2013-06-13,3.24,3.31,3.24,3.31,2400
1283,2013-06-12,3.02,3.02,3.02,3.02,0
1282,2013-06-11,3.02,3.02,3.02,3.02,0
1281,2013-06-10,3.02,3.02,3.02,3.02,1300
1280,2013-06-07,3.31,3.31,3.31,3.31,1300
1279,2013-06-06,3.02,3.02,3.02,3.02,100
1278,2013-06-05,2.8,2.8,2.8,2.8,100
1277,2013-06-04,2.58,2.58,2.58,2.58,0
1276,2013-06-03,2.58,2.58,2.58,2.58,1000
1275,2013-05-31,2.65,2.65,2.65,2.65,200
1274,2013-05-30,2.58,2.58,2.58,2.58,0
1273,2013-05-29,2.5,2.58,2.5,2.58,400
1272,2013-05-28,2.36,2.36,2.36,2.36,0
1271,2013-05-27,2.36,2.36,2.36,2.36,0
1270,2013-05-24,2.36,2.36,2.36,2.58,1300
1269,2013-05-23,2.65,2.65,2.5,2.5,1000
1268,2013-05-22,2.65,2.65,2.65,2.65,200
1267,2013-05-21,2.43,2.43,2.43,2.43,100
1266,2013-05-20,2.21,2.21,2.21,2.21,100
1265,2013-05-17,2.06,2.06,2.06,2.06,0
1264,2013-05-16,2.06,2.06,2.06,2.06,100
1263,2013-05-15,1.91,1.91,1.91,1.91,100
1262,2013-05-14,1.77,1.77,1.77,1.77,0
1261,2013-05-13,1.77,1.77,1.77,1.77,0
1260,2013-05-10,1.77,1.77,1.77,1.77,0
1259,2013-05-09,1.77,1.77,1.77,1.77,0
1258,2013-05-08,1.77,1.77,1.77,1.77,0
1257,2013-05-07,1.77,1.77,1.77,1.77,0
1256,2013-05-06,1.77,1.77,1.77,1.77,0
1255,2013-05-03,1.77,1.77,1.77,1.77,0
1254,2013-05-02,1.77,1.77,1.77,1.77,900
1253,2013-04-26,1.62,1.62,1.62,1.62,500
1252,2013-04-25,1.69,1.69,1.69,1.69,0
1251,2013-04-24,1.69,1.69,1.69,1.69,100
1250,2013-04-23,1.84,1.84,1.84,1.84,0
1249,2013-04-22,1.84,1.84,1.84,1.84,0
1248,2013-04-18,1.84,1.84,1.84,1.84,100
1247,2013-04-17,1.99,1.99,1.99,1.99,100
1246,2013-04-16,2.21,2.21,2.21,2.21,0
1245,2013-04-15,2.21,2.21,2.21,2.21,1000
1244,2013-04-12,2.43,2.43,2.43,2.43,2200
1243,2013-04-11,2.65,2.65,2.65,2.65,400
1242,2013-04-10,2.95,2.95,2.95,2.95,2800
1241,2013-04-09,2.95,2.95,2.95,2.95,0
1240,2013-04-08,2.95,2.95,2.95,2.95,100
1239,2013-04-05,3.24,3.24,3.24,3.24,0
1238,2013-04-04,3.24,3.24,3.24,3.24,0
1237,2013-04-03,3.24,3.24,3.24,3.24,0
1236,2013-04-02,3.24,3.24,3.24,3.24,0
1235,2013-04-01,3.24,3.24,3.24,3.24,100
1234,2013-03-29,3.02,3.02,3.02,3.02,0
1233,2013-03-28,3.02,3.02,3.02,3.02,0
1232,2013-03-27,3.02,3.02,3.02,3.02,500
1231,2013-03-26,3.31,3.31,3.31,3.31,0
1230,2013-03-25,3.31,3.31,3.31,3.31,0
1229,2013-03-22,3.31,3.31,3.31,3.31,0
1228,2013-03-21,3.31,3.31,3.31,3.31,0
1227,2013-03-20,3.31,3.31,3.31,3.31,0
1226,2013-03-19,3.31,3.31,3.31,3.31,0
1225,2013-03-18,3.31,3.31,3.31,3.31,0
1224,2013-03-15,3.31,3.31,3.31,3.31,0
1223,2013-03-14,3.31,3.31,3.31,3.31,2000
1222,2013-03-13,3.61,3.61,3.61,3.61,200
1221,2013-03-12,3.61,3.61,3.61,3.61,100
1220,2013-03-11,3.98,3.98,3.98,3.98,0
1219,2013-03-08,3.98,3.98,3.98,3.98,0
1218,2013-03-07,3.98,3.98,3.98,3.98,0
1217,2013-03-06,3.98,3.98,3.98,3.98,0
1216,2013-03-05,3.98,3.98,3.98,3.98,0
1215,2013-03-04,3.98,3.98,3.98,3.98,0
1214,2013-03-01,3.46,3.98,3.46,3.98,200
1213,2013-02-28,3.76,3.76,3.76,3.76,0
1212,2013-02-27,3.76,3.76,3.76,3.76,100
1211,2013-02-26,3.53,3.53,3.53,3.53,0
1210,2013-02-25,3.53,3.53,3.53,3.53,0
1209,2013-02-22,3.53,3.53,3.53,3.53,0
1208,2013-02-21,3.53,3.53,3.53,3.53,0
1207,2013-02-20,3.53,3.53,3.53,3.53,0
1206,2013-02-19,3.53,3.53,3.53,3.53,0
1205,2013-02-18,3.53,3.53,3.53,3.53,100
1204,2013-02-08,3.24,3.24,3.24,3.24,0
1203,2013-02-07,3.24,3.24,3.24,3.24,3400
1202,2013-02-06,3.24,3.24,3.24,3.24,0
1201,2013-02-05,3.24,3.24,3.24,3.24,0
1200,2013-02-04,3.24,3.24,3.24,3.24,0
1199,2013-02-01,3.24,3.24,3.24,3.24,0
1198,2013-01-31,3.31,3.31,3.24,3.24,3000
1197,2013-01-30,3.53,3.53,3.53,3.53,0
1196,2013-01-29,3.53,3.53,3.53,3.53,100
1195,2013-01-28,3.39,3.39,3.39,3.39,0
1194,2013-01-25,3.39,3.39,3.39,3.39,2600
1193,2013-01-24,3.31,3.31,3.31,3.31,0
1192,2013-01-23,3.31,3.31,3.31,3.31,0
1191,2013-01-22,3.31,3.31,3.31,3.31,0
1190,2013-01-21,3.31,3.31,3.31,3.31,0
1189,2013-01-18,3.39,3.39,3.31,3.31,2500
1188,2013-01-17,3.68,3.68,3.68,3.68,1000
1187,2013-01-16,3.83,3.83,3.83,3.83,0
1186,2013-01-15,3.83,3.83,3.83,3.83,0
1185,2013-01-14,3.83,3.83,3.83,3.83,0
1184,2013-01-11,3.83,3.83,3.83,3.83,0
1183,2013-01-10,3.83,3.83,3.83,3.83,0
1182,2013-01-09,3.83,3.83,3.83,3.83,100
1181,2013-01-08,4.05,4.05,4.05,4.05,0
1180,2013-01-07,4.05,4.05,4.05,4.05,0
1179,2013-01-04,4.05,4.05,4.05,4.05,1500
1178,2013-01-03,4.27,4.27,4.27,4.27,0
1177,2013-01-02,4.27,4.34,4.27,4.27,700
1176,2012-12-28,3.9,4.12,3.9,4.12,300
1175,2012-12-27,3.9,4.12,3.9,4.12,400
1174,2012-12-26,4.12,4.12,4.12,4.12,0
1173,2012-12-25,4.12,4.12,4.12,4.12,0
1172,2012-12-24,4.12,4.12,4.12,4.12,100
1171,2012-12-21,4.42,4.42,4.42,4.42,0
1170,2012-12-20,4.42,4.42,4.42,4.42,300
1169,2012-12-19,4.27,4.27,4.27,4.27,100
1168,2012-12-18,4.57,4.57,4.57,4.57,0
1167,2012-12-17,4.57,4.57,4.57,4.57,1800
1166,2012-12-14,4.86,4.86,4.86,4.86,0
1165,2012-12-13,4.86,4.86,4.86,4.86,100
1164,2012-12-12,5.15,5.15,5.15,5.15,0
1163,2012-12-11,5.15,5.15,5.15,5.15,0
1162,2012-12-10,5.15,5.15,5.15,5.15,0
1161,2012-12-07,5.15,5.15,5.15,5.15,0
1160,2012-12-06,5.15,5.15,5.15,5.15,0
1159,2012-12-05,5.15,5.15,5.15,5.15,0
1158,2012-12-04,5.15,5.15,5.15,5.15,0
1157,2012-12-03,5.15,5.15,5.15,5.15,0
1156,2012-11-30,5.15,5.15,5.15,5.15,100
1155,2012-11-29,5.52,5.52,5.52,5.52,0
1154,2012-11-28,5.52,5.52,5.52,5.52,0
1153,2012-11-27,5.52,5.52,5.52,5.52,0
1152,2012-11-26,5.52,5.52,5.52,5.52,0
1151,2012-11-23,5.52,5.52,5.52,5.52,500
1150,2012-11-22,5.89,5.89,5.89,5.89,0
1149,2012-11-21,5.89,5.89,5.89,5.89,0
1148,2012-11-20,5.89,5.89,5.89,5.89,0
1147,2012-11-19,5.89,5.89,5.89,5.89,0
1146,2012-11-16,5.89,5.89,5.89,5.89,0
1145,2012-11-15,5.89,5.89,5.89,5.89,0
1144,2012-11-14,5.89,5.89,5.89,5.89,0
1143,2012-11-13,5.89,5.89,5.89,5.89,0
1142,2012-11-12,5.89,5.89,5.89,5.89,0
1141,2012-11-09,5.89,5.89,5.89,5.89,0
1140,2012-11-08,5.89,5.89,5.89,5.89,0
1139,2012-11-07,5.89,5.89,5.89,5.89,0
1138,2012-11-06,5.89,5.89,5.89,5.89,0
1137,2012-11-05,5.89,5.89,5.89,5.89,0
1136,2012-11-02,5.89,5.89,5.89,5.89,0
1135,2012-11-01,5.89,5.89,5.89,5.89,0
1134,2012-10-31,5.89,5.89,5.89,5.89,0
1133,2012-10-30,5.89,5.89,5.89,5.89,0
1132,2012-10-29,5.89,5.89,5.89,5.89,0
1131,2012-10-26,5.89,5.89,5.89,5.89,0
1130,2012-10-25,5.89,5.89,5.89,5.89,0
1129,2012-10-24,5.89,5.89,5.89,5.89,0
1128,2012-10-23,5.89,5.89,5.89,5.89,0
1127,2012-10-22,5.89,5.89,5.89,5.89,0
1126,2012-10-19,5.89,5.89,5.89,5.89,0
1125,2012-10-18,5.89,5.89,5.89,5.89,0
1124,2012-10-17,5.89,5.89,5.89,5.89,0
1123,2012-10-16,5.89,5.89,5.89,5.89,0
1122,2012-10-15,5.89,5.89,5.89,5.89,0
1121,2012-10-12,5.89,5.89,5.89,5.89,0
1120,2012-10-11,5.89,5.89,5.89,5.89,0
1119,2012-10-10,5.89,5.89,5.89,5.89,0
1118,2012-10-09,5.89,5.89,5.89,5.89,0
1117,2012-10-08,5.89,5.89,5.89,5.89,0
1116,2012-10-05,5.89,5.89,5.89,5.89,0
1115,2012-10-04,5.89,5.89,5.89,5.89,0
1114,2012-10-03,5.89,5.89,5.89,5.89,0
1113,2012-10-02,5.89,5.89,5.89,5.89,0
1112,2012-10-01,5.89,5.89,5.89,5.89,0
1111,2012-09-28,5.89,5.89,5.89,5.89,0
1110,2012-09-27,5.89,5.89,5.89,5.89,0
1109,2012-09-26,5.89,5.89,5.89,5.89,0
1108,2012-09-25,5.89,5.89,5.89,5.89,0
1107,2012-09-24,5.89,5.89,5.89,5.89,0
1106,2012-09-21,5.89,5.89,5.89,5.89,0
1105,2012-09-20,5.89,5.89,5.89,5.89,0
1104,2012-09-19,5.89,5.89,5.89,5.89,0
1103,2012-09-18,5.89,5.89,5.89,5.89,0
1102,2012-09-17,5.89,5.89,5.89,5.89,0
1101,2012-09-14,5.89,5.89,5.89,5.89,0
1100,2012-09-13,5.89,5.89,5.89,5.89,0
1099,2012-09-12,5.89,5.89,5.89,5.89,0
1098,2012-09-11,5.89,5.89,5.89,5.89,0
1097,2012-09-10,5.89,5.89,5.89,5.89,0
1096,2012-09-07,5.89,5.89,5.89,5.89,0
1095,2012-09-06,5.89,5.89,5.89,5.89,100
1094,2012-09-05,5.89,5.89,5.89,5.89,0
1093,2012-09-04,5.89,5.89,5.89,5.89,0
1092,2012-08-31,5.89,5.89,5.89,5.89,0
1091,2012-08-30,5.89,5.89,5.89,5.89,0
1090,2012-08-29,5.89,5.89,5.89,5.89,0
1089,2012-08-28,5.89,5.89,5.89,5.89,0
1088,2012-08-27,5.89,5.89,5.89,5.89,0
1087,2012-08-24,5.89,5.89,5.89,5.89,100
1086,2012-08-23,5.82,5.82,5.82,5.82,0
1085,2012-08-22,5.82,5.82,5.82,5.82,0
1084,2012-08-21,5.82,5.82,5.82,5.82,0
1083,2012-08-20,5.82,5.82,5.82,5.82,0
1082,2012-08-17,5.82,5.82,5.82,5.82,0
1081,2012-08-16,5.82,5.82,5.82,5.82,0
1080,2012-08-15,5.82,5.82,5.82,5.82,0
1079,2012-08-14,5.82,5.82,5.82,5.82,0
1078,2012-08-13,5.82,5.82,5.82,5.82,0
1077,2012-08-10,5.82,5.82,5.82,5.82,0
1076,2012-08-09,5.82,5.82,5.82,5.82,0
1075,2012-08-08,5.82,5.82,5.82,5.82,0
1074,2012-08-07,5.82,5.82,5.82,5.82,0
1073,2012-08-06,5.82,5.82,5.82,5.82,0
1072,2012-08-03,5.82,5.82,5.82,5.82,0
1071,2012-08-02,5.82,5.82,5.82,5.82,0
1070,2012-08-01,5.82,5.82,5.82,5.82,0
1069,2012-07-31,5.82,5.82,5.82,5.82,0
1068,2012-07-30,5.82,5.82,5.82,5.82,0
1067,2012-07-27,5.82,5.82,5.82,5.82,0
1066,2012-07-26,5.82,5.82,5.82,5.82,0
1065,2012-07-25,5.82,5.82,5.82,5.82,100
1064,2012-07-24,5.45,5.45,5.45,5.45,0
1063,2012-07-23,5.6,5.6,5.45,5.45,3000
1062,2012-07-20,5.74,5.74,5.74,5.74,200
1061,2012-07-19,5.82,5.82,5.74,5.74,200
1060,2012-07-18,5.6,5.6,5.6,5.6,0
1059,2012-07-17,5.6,5.6,5.6,5.6,0
1058,2012-07-16,5.6,5.6,5.6,5.6,0
1057,2012-07-13,5.6,5.6,5.6,5.6,100
1056,2012-07-12,5.3,5.3,5.3,5.3,1000
1055,2012-07-11,5.15,5.15,5.15,5.15,700
1054,2012-07-10,5.15,5.15,5.15,5.15,0
1053,2012-07-09,5.15,5.15,5.15,5.15,900
1052,2012-07-06,4.93,4.93,4.93,4.93,0
1051,2012-07-05,4.93,4.93,4.93,4.93,0
1050,2012-07-04,4.93,4.93,4.93,4.93,2000
1049,2012-07-03,4.93,4.93,4.93,4.93,0
1048,2012-07-02,4.93,4.93,4.93,4.93,0
1047,2012-06-29,4.93,4.93,4.93,4.93,100
1046,2012-06-28,4.64,4.64,4.64,4.64,0
1045,2012-06-27,4.64,4.64,4.64,4.64,0
1044,2012-06-26,4.57,4.64,4.57,4.64,1100
1043,2012-06-25,4.64,4.64,4.64,4.64,0
1042,2012-06-22,4.64,4.64,4.64,4.64,0
1041,2012-06-21,4.64,4.64,4.64,4.64,0
1040,2012-06-20,4.64,4.64,4.64,4.64,0
1039,2012-06-19,4.64,4.64,4.64,4.64,2200
1038,2012-06-18,4.93,4.93,4.93,4.93,0
1037,2012-06-15,4.93,4.93,4.93,4.93,0
1036,2012-06-14,4.93,4.93,4.93,4.93,0
1035,2012-06-13,4.93,4.93,4.93,4.93,0
1034,2012-06-12,4.93,4.93,4.93,4.93,3100
1033,2012-06-11,5.15,5.15,5.15,5.15,0
1032,2012-06-08,5.52,5.52,5.15,5.15,3300
1031,2012-06-07,5.52,5.52,5.52,5.52,300
1030,2012-06-06,6.48,6.48,6.48,6.48,0
1029,2012-06-05,6.48,6.48,6.48,6.48,0
1028,2012-06-04,6.48,6.48,6.48,6.48,0
1027,2012-06-01,6.48,6.48,6.48,6.48,0
1026,2012-05-31,6.48,6.48,6.48,6.48,0
1025,2012-05-30,5.89,5.89,5.89,5.89,0
1024,2012-05-29,5.89,5.89,5.89,5.89,0
1023,2012-05-28,5.89,5.89,5.89,5.89,100
1022,2012-05-25,5.56,5.82,5.56,5.82,400
1021,2012-05-24,5.62,5.62,5.62,5.62,1000
1020,2012-05-23,5.69,5.69,5.69,5.69,0
1019,2012-05-22,5.69,5.76,5.69,5.69,3100
1018,2012-05-21,5.96,6.09,5.82,6.09,2100
1017,2012-05-18,6.23,6.23,6.23,6.23,0
1016,2012-05-17,5.89,6.23,5.89,6.23,300
1015,2012-05-16,5.89,6.09,5.89,5.96,10700
1014,2012-05-15,6.09,6.09,5.76,5.76,1200
1013,2012-05-14,5.76,5.76,5.76,5.76,4800
1012,2012-05-11,5.29,5.49,5.22,5.49,2800
1011,2012-05-10,5.56,5.56,5.22,5.56,4700
1010,2012-05-09,5.49,5.56,5.49,5.56,44200
1009,2012-05-08,5.89,5.89,5.89,5.89,2600
1008,2012-05-07,6.29,6.29,6.29,6.29,10700
1007,2012-05-04,6.36,6.36,6.36,6.36,0
1006,2012-05-03,6.36,6.36,6.36,6.36,0
1005,2012-05-02,6.36,6.36,6.36,6.36,200
1004,2012-04-27,6.23,6.23,6.23,6.23,0
1003,2012-04-26,6.23,6.23,6.23,6.23,100
1002,2012-04-25,5.96,5.96,5.96,5.96,0
1001,2012-04-24,5.96,5.96,5.96,5.96,0
1000,2012-04-23,5.96,5.96,5.96,5.96,0
999,2012-04-20,5.96,5.96,5.96,5.96,0
998,2012-04-19,5.96,5.96,5.96,5.96,0
997,2012-04-18,5.96,5.96,5.96,5.96,0
996,2012-04-17,5.96,5.96,5.96,5.96,0
995,2012-04-16,5.96,5.96,5.96,5.96,0
994,2012-04-13,5.96,5.96,5.96,5.96,0
993,2012-04-12,5.96,5.96,5.96,5.96,100
992,2012-04-11,5.62,5.62,5.62,5.62,0
991,2012-04-10,5.62,5.62,5.62,5.62,0
990,2012-04-09,5.62,5.62,5.62,5.62,0
989,2012-04-06,5.62,5.62,5.62,5.62,0
988,2012-04-05,5.62,5.62,5.62,5.62,0
987,2012-04-04,5.62,5.62,5.62,5.62,0
986,2012-04-03,5.62,5.62,5.62,5.62,0
985,2012-03-30,4.95,5.62,4.95,5.62,400
984,2012-03-29,5.29,5.29,5.29,5.29,0
983,2012-03-28,5.29,5.29,5.29,5.29,0
982,2012-03-27,5.29,5.29,5.29,5.29,1300
981,2012-03-26,5.62,5.62,5.62,5.62,0
980,2012-03-23,5.62,5.62,5.62,5.62,100
979,2012-03-22,5.69,5.69,5.69,5.69,0
978,2012-03-21,5.36,5.69,5.36,5.69,1100
977,2012-03-20,5.36,5.36,5.36,5.36,200
976,2012-03-19,5.22,5.22,5.22,5.22,0
975,2012-03-16,5.22,5.22,5.22,5.22,0
974,2012-03-15,5.09,5.22,5.09,5.22,1200
973,2012-03-14,5.09,5.09,5.09,5.09,400
972,2012-03-13,5.42,5.42,5.42,5.42,100
971,2012-03-12,5.42,5.42,5.42,5.42,2400
970,2012-03-09,5.82,5.82,5.82,5.82,700
969,2012-03-08,6.23,6.23,6.23,6.23,0
968,2012-03-07,6.23,6.23,6.23,6.23,500
967,2012-03-06,6.69,6.69,6.69,6.69,700
966,2012-03-05,7.16,7.16,7.16,7.16,12100
965,2012-03-02,7.63,7.63,7.63,7.63,0
964,2012-03-01,7.63,7.63,7.63,7.63,1500
963,2012-02-29,8.17,8.17,8.17,8.17,0
962,2012-02-28,8.17,8.17,8.17,8.17,0
961,2012-02-27,8.17,8.17,8.17,8.17,0
960,2012-02-24,8.17,8.17,8.17,8.17,0
959,2012-02-23,8.17,8.17,8.17,8.17,0
958,2012-02-22,8.17,8.17,8.17,8.17,0
957,2012-02-21,8.17,8.17,8.17,8.17,0
956,2012-02-20,8.17,8.17,8.17,8.17,0
955,2012-02-17,8.17,8.17,8.17,8.17,0
954,2012-02-16,8.17,8.17,8.17,8.17,0
953,2012-02-15,8.17,8.17,8.17,8.17,0
952,2012-02-14,8.17,8.17,8.17,8.17,0
951,2012-02-13,8.17,8.17,8.17,8.17,0
950,2012-02-10,8.17,8.17,8.17,8.17,0
949,2012-02-09,8.17,8.17,8.17,8.17,0
948,2012-02-08,8.17,8.17,8.17,8.17,0
947,2012-02-07,8.17,8.17,8.17,8.17,0
946,2012-02-06,8.17,8.17,8.17,8.17,0
945,2012-02-03,8.17,8.17,8.17,8.17,0
944,2012-02-02,8.17,8.17,8.17,8.17,0
943,2012-02-01,8.17,8.17,8.17,8.17,0
942,2012-01-31,8.17,8.17,8.17,8.17,0
941,2012-01-30,8.17,8.17,8.17,8.17,0
940,2012-01-20,8.17,8.17,8.17,8.17,0
939,2012-01-19,8.17,8.17,8.17,8.17,0
938,2012-01-18,8.17,8.17,8.17,8.17,0
937,2012-01-17,8.17,8.17,8.17,8.17,0
936,2012-01-16,8.17,8.17,8.17,8.17,0
935,2012-01-13,8.17,8.17,8.17,8.17,0
934,2012-01-12,8.17,8.17,8.17,8.17,0
933,2012-01-11,8.17,8.17,8.17,8.17,0
932,2012-01-10,8.17,8.17,8.17,8.17,0
931,2012-01-09,8.17,8.17,8.17,8.17,0
930,2012-01-06,8.17,8.17,8.17,8.17,0
929,2012-01-05,8.17,8.17,8.17,8.17,0
928,2012-01-04,8.17,8.17,8.17,8.17,0
927,2012-01-03,8.17,8.17,8.17,8.17,0
926,2011-12-30,8.17,8.17,8.17,8.17,100
925,2011-12-29,7.7,7.7,7.7,7.7,100
924,2011-12-28,7.23,7.23,7.23,7.23,100
923,2011-12-27,6.76,6.76,6.76,6.76,100
922,2011-12-26,6.36,6.36,6.36,6.36,0
921,2011-12-23,6.36,6.36,6.36,6.36,100
920,2011-12-22,6.83,6.83,6.83,6.83,0
919,2011-12-21,6.83,6.83,6.83,6.83,100
918,2011-12-20,6.43,6.43,6.43,6.43,200
917,2011-12-19,6.02,6.02,6.02,6.02,0
916,2011-12-16,6.02,6.02,6.02,6.02,0
915,2011-12-15,6.02,6.02,6.02,6.02,0
914,2011-12-14,6.02,6.02,6.02,6.02,0
913,2011-12-13,6.02,6.02,6.02,6.02,100
912,2011-12-12,5.69,5.69,5.69,5.69,200
911,2011-12-09,5.36,5.36,5.36,5.36,200
910,2011-12-08,5.02,5.02,5.02,5.02,200
909,2011-12-07,4.89,4.89,4.89,4.89,0
908,2011-12-06,4.89,4.89,4.89,4.89,0
907,2011-12-05,4.89,4.89,4.89,4.89,0
906,2011-12-02,4.89,4.89,4.89,4.89,0
905,2011-12-01,4.89,4.89,4.89,4.89,0
904,2011-11-30,4.89,4.89,4.89,4.89,300
903,2011-11-29,4.82,4.82,4.82,4.82,0
902,2011-11-28,4.82,4.82,4.82,4.82,100
901,2011-11-25,5.15,5.15,5.15,5.15,0
900,2011-11-24,5.15,5.15,5.15,5.15,1000
899,2011-11-23,5.49,5.49,5.49,5.49,0
898,2011-11-22,5.49,5.49,5.49,5.49,0
897,2011-11-21,5.49,5.49,5.49,5.49,0
896,2011-11-18,5.49,5.49,5.49,5.49,0
895,2011-11-17,5.49,5.49,5.49,5.49,0
894,2011-11-16,5.49,5.49,5.49,5.49,0
893,2011-11-15,5.49,5.49,5.49,5.49,0
892,2011-11-14,5.49,5.49,5.49,5.49,0
891,2011-11-11,5.49,5.49,5.49,5.49,0
890,2011-11-10,5.49,5.49,5.49,5.49,0
889,2011-11-09,5.49,5.49,5.49,5.49,0
888,2011-11-08,5.49,5.49,5.49,5.49,0
887,2011-11-07,5.49,5.49,5.49,5.49,0
886,2011-11-04,5.49,5.49,5.49,5.49,100
885,2011-11-03,5.89,5.89,5.89,5.89,0
884,2011-11-02,5.89,5.89,5.89,5.89,0
883,2011-11-01,5.89,5.89,5.89,5.89,0
882,2011-10-31,5.89,5.89,5.89,5.89,0
881,2011-10-28,5.89,5.89,5.89,5.89,0
880,2011-10-27,5.89,5.89,5.89,5.89,0
879,2011-10-26,5.89,5.89,5.89,5.89,0
878,2011-10-25,5.89,5.89,5.89,5.89,0
877,2011-10-24,5.89,5.89,5.89,5.89,0
876,2011-10-21,5.89,5.89,5.89,5.89,0
875,2011-10-20,5.89,5.89,5.89,5.89,0
874,2011-10-19,5.89,5.89,5.89,5.89,100
873,2011-10-18,5.62,5.62,5.62,5.62,0
872,2011-10-17,5.62,5.62,5.62,5.62,0
871,2011-10-14,5.62,5.62,5.62,5.62,100
870,2011-10-13,5.42,5.42,5.42,5.15,100
869,2011-10-12,5.15,5.15,5.15,5.15,0
868,2011-10-11,5.15,5.15,5.15,5.15,0
867,2011-10-10,5.15,5.15,5.15,5.15,0
866,2011-10-07,5.15,5.15,5.15,5.15,0
865,2011-10-06,5.15,5.15,5.15,5.15,0
864,2011-10-05,5.15,5.15,5.15,5.15,0
863,2011-10-04,5.15,5.15,5.15,5.15,0
862,2011-10-03,5.15,5.15,5.15,5.15,0
861,2011-09-30,5.15,5.15,5.15,5.15,1000
860,2011-09-29,5.15,5.15,5.15,5.15,0
859,2011-09-28,5.15,5.15,5.15,5.15,1000
858,2011-09-27,5.22,5.22,5.22,5.22,0
857,2011-09-26,5.22,5.22,5.22,5.22,0
856,2011-09-23,5.22,5.22,5.22,5.22,0
855,2011-09-22,5.22,5.22,5.22,5.22,0
854,2011-09-21,5.22,5.22,5.22,5.22,0
853,2011-09-20,5.22,5.22,5.22,5.22,0
852,2011-09-19,5.22,5.22,5.22,5.22,3000
851,2011-09-16,5.42,5.42,5.42,5.42,0
850,2011-09-15,5.42,5.42,5.42,5.42,0
849,2011-09-14,5.42,5.42,5.42,5.42,0
848,2011-09-13,5.42,5.42,5.42,5.42,4000
847,2011-09-12,5.02,5.09,5.02,5.09,3200
846,2011-09-09,5.36,5.36,5.36,5.36,4000
845,2011-09-08,5.69,5.69,5.69,5.69,0
844,2011-09-07,5.62,5.69,5.62,5.69,500
843,2011-09-06,5.36,5.36,5.36,5.36,2200
842,2011-09-05,5.29,5.29,5.29,5.29,0
841,2011-09-01,5.69,5.69,5.29,5.29,4900
840,2011-08-31,5.62,5.62,5.62,5.62,100
839,2011-08-30,6.02,6.02,6.02,6.02,200
838,2011-08-29,6.02,6.02,6.02,6.02,0
837,2011-08-26,6.02,6.02,6.02,6.02,100
836,2011-08-25,5.82,5.82,5.82,5.82,0
835,2011-08-24,5.82,5.82,5.82,5.82,0
834,2011-08-23,5.82,5.82,5.82,5.82,0
833,2011-08-22,5.82,5.82,5.82,5.82,0
832,2011-08-19,5.82,5.82,5.82,5.82,0
831,2011-08-18,5.82,5.82,5.82,5.82,0
830,2011-08-17,5.82,5.82,5.82,5.82,0
829,2011-08-16,5.82,5.82,5.82,5.82,300
828,2011-08-15,5.62,5.62,5.62,5.62,0
827,2011-08-12,5.62,5.62,5.62,5.62,0
826,2011-08-11,5.62,5.62,5.62,5.62,0
825,2011-08-10,5.62,5.62,5.62,5.62,0
824,2011-08-09,5.62,5.62,5.62,5.62,300
823,2011-08-08,6.02,6.02,6.02,6.02,0
822,2011-08-05,6.02,6.02,6.02,6.02,1800
821,2011-08-04,6.02,6.02,6.02,6.02,300
820,2011-08-03,5.89,5.89,5.89,5.89,0
819,2011-08-02,5.89,5.89,5.89,5.89,4900
818,2011-08-01,6.09,6.09,6.09,6.09,0
817,2011-07-29,6.09,6.09,6.09,6.09,0
816,2011-07-28,6.09,6.09,6.09,6.09,400
815,2011-07-27,6.09,6.09,6.09,6.09,200
814,2011-07-26,6.09,6.09,6.02,6.02,1500
813,2011-07-25,6.09,6.09,6.09,6.09,0
812,2011-07-22,6.16,6.16,6.02,6.09,4900
811,2011-07-21,6.29,6.29,6.16,6.16,2000
810,2011-07-20,6.23,6.23,6.23,6.23,0
809,2011-07-19,6.23,6.23,6.23,6.23,0
808,2011-07-18,6.23,6.23,6.23,6.23,0
807,2011-07-15,6.23,6.23,6.23,6.23,0
806,2011-07-14,6.23,6.23,6.23,6.23,0
805,2011-07-13,6.23,6.23,6.23,6.23,0
804,2011-07-12,6.23,6.23,6.23,6.23,0
803,2011-07-11,6.23,6.23,6.23,6.23,0
802,2011-07-08,6.36,6.36,6.02,6.23,900
801,2011-07-07,5.96,5.96,5.96,5.96,0
800,2011-07-06,5.96,5.96,5.96,5.96,100
799,2011-07-05,6.36,6.36,6.36,6.36,0
798,2011-07-04,6.36,6.36,6.36,6.36,0
797,2011-07-01,6.36,6.36,6.36,6.36,0
796,2011-06-30,6.36,6.36,6.36,6.36,300
795,2011-06-29,6.69,6.69,6.69,6.69,100
794,2011-06-28,6.49,6.49,6.29,6.29,4000
793,2011-06-27,6.56,6.56,6.56,6.56,0
792,2011-06-24,6.56,6.56,6.56,6.56,0
791,2011-06-23,6.56,6.56,6.56,6.56,100
790,2011-06-22,6.49,6.49,6.49,6.49,0
789,2011-06-21,6.09,6.49,6.09,6.49,1100
788,2011-06-20,6.49,6.49,6.49,6.49,0
787,2011-06-17,6.49,6.49,6.49,6.49,0
786,2011-06-16,6.49,6.49,6.49,6.49,0
785,2011-06-15,6.09,6.09,6.09,6.09,900
784,2011-06-14,6.28,6.28,6.28,6.28,0
783,2011-06-13,6.28,6.28,6.09,6.28,3500
782,2011-06-10,6.53,6.53,5.97,5.97,1400
781,2011-06-09,6.15,6.15,6.15,6.15,100
780,2011-06-08,5.9,5.9,5.71,5.78,7000
779,2011-06-07,5.84,5.9,5.71,5.9,6000
778,2011-06-06,6.09,6.09,6.09,6.09,2000
777,2011-06-03,6.91,6.91,6.91,6.91,0
776,2011-06-02,6.09,6.91,6.09,6.91,200
775,2011-06-01,6.53,6.53,6.53,6.53,0
774,2011-05-31,6.53,6.53,6.53,6.53,100
773,2011-05-30,6.97,6.97,6.97,6.97,0
772,2011-05-27,6.97,6.97,6.97,6.97,0
771,2011-05-26,6.97,6.97,6.97,6.97,100
770,2011-05-25,6.84,6.84,6.84,6.84,0
769,2011-05-24,7.47,7.47,6.84,6.84,2100
768,2011-05-23,7.35,7.35,7.35,7.35,2000
767,2011-05-20,7.85,7.85,7.85,7.85,0
766,2011-05-19,7.85,7.85,7.85,7.85,3100
765,2011-05-18,8.41,8.41,8.41,8.41,0
764,2011-05-17,8.41,8.41,8.41,8.41,2000
763,2011-05-16,9.04,9.04,9.04,9.04,200
762,2011-05-13,8.79,8.79,8.79,8.79,0
761,2011-05-12,8.79,8.79,8.79,8.79,0
760,2011-05-11,8.79,8.79,8.79,8.79,100
759,2011-05-10,8.6,8.6,8.6,8.6,100
758,2011-05-09,8.1,8.1,8.1,8.1,100
757,2011-05-06,8.67,8.67,8.67,8.67,0
756,2011-05-05,8.67,8.67,8.67,8.67,0
755,2011-05-04,8.67,8.67,8.67,8.67,200
754,2011-04-29,9.29,9.29,9.29,9.29,0
753,2011-04-28,9.29,9.29,9.29,9.29,100
752,2011-04-27,8.73,8.73,8.73,8.73,2500
751,2011-04-26,9.36,9.36,9.36,9.36,100
750,2011-04-25,9.04,9.04,9.04,9.04,100
749,2011-04-22,8.85,8.85,8.85,8.85,0
748,2011-04-21,8.85,8.85,8.85,8.85,0
747,2011-04-20,8.35,8.85,8.35,8.85,400
746,2011-04-19,8.35,8.35,8.35,8.35,100
745,2011-04-18,6.91,7.91,6.91,7.91,2500
744,2011-04-15,7.41,7.41,7.41,7.41,100
743,2011-04-14,7.91,7.91,7.91,7.91,200
742,2011-04-13,7.16,8.16,7.16,8.04,400
741,2011-04-08,7.66,7.66,7.66,7.66,900
740,2011-04-07,7.66,7.66,7.66,7.66,100
739,2011-04-06,8.23,8.23,8.23,8.23,0
738,2011-04-05,8.23,8.23,8.23,8.23,0
737,2011-04-04,8.23,8.23,8.23,8.23,0
736,2011-04-01,8.23,8.23,8.23,8.23,0
735,2011-03-31,8.23,8.23,8.23,8.23,0
734,2011-03-30,8.23,8.23,8.23,8.23,0
733,2011-03-29,8.23,8.23,8.23,8.23,300
732,2011-03-28,8.79,8.79,8.79,8.79,0
731,2011-03-25,8.79,8.79,8.79,8.79,0
730,2011-03-24,8.79,8.79,8.79,8.79,200
729,2011-03-23,8.73,8.73,8.73,8.73,200
728,2011-03-22,8.67,8.67,8.67,8.67,500
727,2011-03-21,8.29,8.29,8.29,8.29,3500
726,2011-03-18,8.16,8.16,8.16,8.16,1000
725,2011-03-17,7.66,7.72,7.66,7.72,2700
724,2011-03-16,7.22,7.22,7.22,7.22,0
723,2011-03-15,7.22,7.22,7.22,7.22,1300
722,2011-03-14,7.54,7.66,7.54,7.54,7100
721,2011-03-11,7.72,7.85,7.72,7.85,700
720,2011-03-10,8.04,8.04,8.04,8.04,800
719,2011-03-09,7.85,7.85,7.85,7.85,2000
718,2011-03-08,8.04,8.04,7.54,7.85,2800
717,2011-03-07,7.66,7.66,7.54,7.54,600
716,2011-03-04,8.04,8.04,8.04,8.04,100
715,2011-03-03,7.22,7.85,7.22,7.47,4700
714,2011-03-02,7.54,7.54,7.54,7.54,3000
713,2011-03-01,7.85,7.85,7.85,7.85,0
712,2011-02-28,7.85,7.85,7.79,7.85,5600
711,2011-02-25,7.85,7.85,7.72,7.85,4300
710,2011-02-24,8.29,8.29,8.29,8.29,0
709,2011-02-23,8.35,8.35,8.29,8.29,1100
708,2011-02-22,7.91,7.91,7.85,7.85,1600
707,2011-02-21,7.85,7.85,7.85,7.85,2600
706,2011-02-18,8.79,8.79,8.16,8.16,1200
705,2011-02-17,8.48,8.48,8.48,8.48,1000
704,2011-02-16,8.79,8.79,8.73,8.73,2800
703,2011-02-15,9.36,9.36,9.36,9.36,1000
702,2011-02-14,9.36,9.36,9.36,9.36,0
701,2011-02-11,9.36,9.36,9.36,9.36,100
700,2011-02-10,8.98,8.98,8.98,8.98,0
699,2011-02-09,8.98,8.98,8.98,8.98,1500
698,2011-02-08,8.79,8.79,8.79,8.79,0
697,2011-01-28,9.04,9.04,8.79,8.79,1000
696,2011-01-27,8.48,8.48,8.48,8.48,0
695,2011-01-26,8.48,8.48,8.48,8.48,100
694,2011-01-25,8.92,8.92,8.85,8.85,3900
693,2011-01-24,9.48,9.48,9.48,9.48,0
692,2011-01-21,9.48,9.48,9.48,9.48,0
691,2011-01-20,9.48,9.48,9.48,9.48,900
690,2011-01-19,10.25,10.25,9.37,9.37,700
689,2011-01-18,10.9,10.9,9.49,9.49,3200
688,2011-01-17,10.37,10.37,9.96,9.96,200
687,2011-01-14,9.72,9.72,9.72,9.72,0
686,2011-01-13,9.72,9.72,9.72,9.72,500
685,2011-01-12,9.2,9.2,9.2,9.2,0
684,2011-01-11,9.2,9.2,9.2,9.2,0
683,2011-01-10,9.2,9.2,9.2,9.2,0
682,2011-01-07,9.2,9.2,9.2,9.2,0
681,2011-01-06,9.2,9.2,9.2,9.2,0
680,2011-01-05,9.2,9.2,9.2,9.2,1400
679,2011-01-04,9.26,9.26,9.26,9.26,100
678,2010-12-31,9.9,9.9,9.08,9.08,3400
677,2010-12-30,9.37,9.37,9.08,9.08,6000
676,2010-12-29,9.37,9.37,9.37,9.37,1500
675,2010-12-28,9.67,9.84,9.67,9.84,2100
674,2010-12-27,9.37,9.43,9.37,9.43,16900
673,2010-12-24,9.9,9.9,9.14,9.14,3100
672,2010-12-23,9.43,9.43,9.26,9.26,7800
671,2010-12-22,9.72,9.72,9.72,9.72,0
670,2010-12-21,9.72,9.72,9.72,9.72,25500
669,2010-12-20,9.14,9.14,9.14,9.14,1000
668,2010-12-17,9.72,9.72,9.72,9.72,0
667,2010-12-16,9.96,9.96,9.72,9.72,3000
666,2010-12-15,10.37,10.37,10.37,10.37,0
665,2010-12-14,10.37,10.37,10.37,10.37,0
664,2010-12-13,10.02,10.37,10.02,10.37,6400
663,2010-12-10,9.67,9.78,9.67,9.78,6200
662,2010-12-09,9.14,9.37,9.08,9.37,6800
661,2010-12-08,9.26,9.26,9.08,9.08,6300
660,2010-12-07,9.84,9.96,9.55,9.67,6200
659,2010-12-06,10.13,10.78,10.13,10.25,8700
658,2010-12-03,10.13,10.13,10.13,10.13,13100
657,2010-12-02,9.37,9.55,9.37,9.55,6200
656,2010-12-01,9.61,9.78,9.37,9.37,6200
655,2010-11-30,9.9,9.9,9.84,9.9,12800
654,2010-11-29,8.9,9.55,8.79,9.55,8100
653,2010-11-26,9.08,9.08,8.79,8.96,9500
652,2010-11-25,8.96,9.08,8.9,8.9,17500
651,2010-11-24,8.49,8.49,8.44,8.44,6400
650,2010-11-23,8.49,9.02,8.49,9.02,5000
649,2010-11-22,8.9,8.9,8.9,8.9,0
648,2010-11-19,8.96,9.49,8.9,8.9,7600
647,2010-11-18,9.55,9.67,9.55,9.67,11800
646,2010-11-17,10.25,10.25,10.25,10.25,5000
645,2010-11-16,10.19,10.19,10.19,10.19,0
644,2010-11-15,10.19,10.19,10.19,10.19,0
643,2010-11-12,10.13,10.19,10.13,10.19,900
642,2010-11-11,10.9,10.9,10.9,10.9,0
641,2010-11-10,10.9,10.9,10.9,10.9,100
640,2010-11-09,10.54,10.54,10.37,10.37,10000
639,2010-11-08,11.19,11.19,11.13,11.13,1200
638,2010-11-05,11.95,12.01,11.95,11.95,3100
637,2010-11-04,11.89,11.89,11.13,11.13,4900
636,2010-11-03,11.95,11.95,11.95,11.95,0
635,2010-11-02,11.95,11.95,11.95,11.95,200
634,2010-11-01,11.54,11.54,11.54,11.54,0
633,2010-10-29,11.54,11.54,11.54,11.54,0
632,2010-10-28,12.83,12.83,11.54,11.54,2200
631,2010-10-27,11.72,13.18,11.72,11.95,1600
630,2010-10-26,11.72,12.59,11.72,12.59,37500
629,2010-10-25,10.84,12.24,10.84,11.83,15200
628,2010-10-22,11.77,11.77,10.54,10.54,8000
627,2010-10-21,10.19,11.13,10.19,11.07,6900
626,2010-10-20,12.54,12.54,10.9,10.95,7900
625,2010-10-19,12.01,12.01,11.54,11.66,5700
624,2010-10-18,12.18,12.18,12.18,12.18,0
623,2010-10-15,13.06,13.06,12.18,12.18,4100
622,2010-10-14,12.89,13.3,12.59,12.59,2700
621,2010-10-13,13.12,13.12,13.12,13.12,1000
620,2010-10-12,12.77,12.83,12.59,12.59,11600
619,2010-10-11,13.53,13.53,12.48,12.48,10100
618,2010-10-08,13.47,13.47,12.83,12.83,5300
617,2010-10-07,12.24,13.88,12.24,13.18,52000
616,2010-10-06,12.07,13.12,12.07,13.12,63200
615,2010-10-05,12.24,12.36,12.24,12.36,4200
614,2010-10-04,12.59,12.59,12.18,12.24,6200
613,2010-10-01,12.36,13.18,12.36,12.89,48500
612,2010-09-30,12.89,13.3,12.77,13.3,9000
611,2010-09-29,13.77,13.77,13.18,13.18,16600
610,2010-09-28,13.94,13.94,13.47,13.47,13900
609,2010-09-27,13.77,13.77,13.47,13.47,18200
608,2010-09-24,13.47,13.65,13.47,13.65,2900
607,2010-09-23,13.24,13.88,13.18,13.47,19000
606,2010-09-22,13.59,14.0,13.24,14.0,9400
605,2010-09-21,13.77,13.77,13.47,13.47,3500
604,2010-09-20,13.82,14.35,13.71,13.71,35000
603,2010-09-17,13.65,14.18,13.59,14.06,33400
602,2010-09-16,14.0,14.06,13.47,13.53,5500
601,2010-09-15,13.47,14.18,13.18,13.47,36200
600,2010-09-14,13.47,13.59,13.47,13.59,3400
599,2010-09-13,13.47,13.53,13.42,13.53,20600
598,2010-09-10,14.09,14.88,13.7,13.75,45800
597,2010-09-09,13.81,15.16,13.75,14.88,22100
596,2010-09-08,14.37,14.6,14.31,14.6,18000
595,2010-09-07,15.32,15.89,14.6,14.88,44100
594,2010-09-06,14.71,15.32,14.71,15.21,30600
593,2010-09-01,14.6,14.71,14.03,14.37,13300
592,2010-08-31,12.46,14.2,12.46,13.92,84300
591,2010-08-30,12.74,13.47,12.74,13.47,17200
590,2010-08-27,11.96,12.74,11.96,12.18,54300
589,2010-08-26,11.56,12.85,11.51,12.57,63200
588,2010-08-25,12.41,12.41,12.35,12.35,23300
587,2010-08-24,12.85,13.92,12.74,12.91,102600
586,2010-08-23,14.54,14.54,13.36,13.47,41300
585,2010-08-20,14.48,14.88,14.15,14.2,10500
584,2010-08-19,14.26,15.38,14.26,14.82,32300
583,2010-08-18,16.17,16.17,15.16,15.16,81900
582,2010-08-17,15.16,15.16,14.93,15.16,93400
581,2010-08-16,12.91,14.31,12.91,14.31,66900
580,2010-08-13,12.46,13.87,12.46,13.64,12600
579,2010-08-12,14.09,14.09,12.97,12.97,26500
578,2010-08-11,14.09,14.09,13.08,13.58,18900
577,2010-08-10,14.54,14.54,13.08,13.81,76600
576,2010-08-09,14.03,15.61,13.98,13.98,36300
575,2010-08-06,15.32,15.32,14.2,15.16,17800
574,2010-08-05,15.21,15.27,14.65,15.16,16000
573,2010-08-04,15.49,15.49,14.99,15.04,33400
572,2010-08-03,16.39,16.39,15.72,15.83,18400
571,2010-08-02,15.44,16.34,15.44,15.66,18700
570,2010-07-30,16.11,16.11,15.38,15.38,25200
569,2010-07-29,14.65,16.05,14.65,16.05,27000
568,2010-07-28,14.93,15.83,14.76,14.82,32200
567,2010-07-27,16.39,16.39,15.49,15.49,45200
566,2010-07-26,17.29,17.29,15.83,15.94,15200
565,2010-07-23,16.56,16.56,16.05,16.39,31000
564,2010-07-22,16.0,16.05,15.72,15.83,59700
563,2010-07-21,17.68,17.68,16.39,16.45,82300
562,2010-07-20,18.24,18.24,17.18,17.4,66300
561,2010-07-19,17.29,18.58,17.12,17.79,232600
560,2010-07-16,16.5,17.68,16.5,17.12,113600
559,2010-07-15,17.51,17.79,17.06,17.06,56400
558,2010-07-14,17.4,18.19,17.23,17.85,63200
557,2010-07-13,17.96,18.41,17.96,18.41,103400
556,2010-07-12,17.35,17.57,15.77,17.57,113300
555,2010-07-09,17.4,17.4,16.39,16.84,63200
554,2010-07-08,18.52,19.09,17.4,17.4,63900
553,2010-07-07,20.43,20.43,17.85,18.08,231300
552,2010-07-06,19.09,19.2,18.52,19.2,129400
551,2010-07-05,17.23,18.41,16.39,18.41,191000
550,2010-07-02,17.91,18.13,16.56,16.95,131800
549,2010-07-01,16.95,16.95,16.95,16.95,145500
548,2010-06-30,14.6,16.56,14.43,16.56,179500
547,2010-06-29,15.72,15.72,14.88,15.04,32400
546,2010-06-28,15.72,15.72,14.71,15.72,264100
545,2010-06-25,14.03,14.82,13.75,14.82,178900
544,2010-06-24,13.47,13.92,13.47,13.92,100300
543,2010-06-23,12.35,13.25,12.35,13.19,25100
542,2010-06-22,13.47,13.47,12.57,12.63,6600
541,2010-06-21,12.74,13.58,12.74,13.47,74700
540,2010-06-18,12.91,12.97,12.46,12.63,9000
539,2010-06-17,12.57,13.19,12.57,12.85,21800
538,2010-06-16,12.91,13.19,12.69,12.74,13100
537,2010-06-15,12.63,12.91,12.46,12.57,33100
536,2010-06-14,12.18,12.41,12.18,12.35,15300
535,2010-06-11,12.97,12.97,12.13,12.35,18300
534,2010-06-10,12.13,12.35,12.01,12.01,21600
533,2010-06-09,13.08,13.08,12.07,12.35,15400
532,2010-06-08,13.02,13.02,12.29,12.29,39000
531,2010-06-07,12.91,13.87,12.91,12.91,3100
530,2010-06-04,13.64,14.15,13.64,13.98,1400
529,2010-06-03,14.31,14.31,13.75,13.87,48900
528,2010-06-02,13.42,13.53,12.91,13.53,47300
527,2010-06-01,12.85,12.85,12.46,12.46,1100
526,2010-05-31,12.29,12.29,12.29,12.29,4400
525,2010-05-28,13.19,13.19,13.14,13.19,4800
524,2010-05-27,12.46,12.46,12.35,12.46,3900
523,2010-05-26,11.62,11.79,11.62,11.79,4600
522,2010-05-25,10.89,11.56,10.89,11.56,2100
521,2010-05-24,10.67,11.45,10.67,11.45,4100
520,2010-05-21,10.83,10.95,10.83,10.83,21000
519,2010-05-20,11.4,12.24,11.4,12.24,3700
518,2010-05-19,12.63,12.63,12.13,12.13,7900
517,2010-05-18,12.74,13.47,12.74,13.47,1000
516,2010-05-17,13.75,13.75,12.97,13.53,400
515,2010-05-14,12.91,13.75,12.91,13.47,10100
514,2010-05-13,13.47,13.47,12.35,12.52,16200
513,2010-05-12,13.47,13.47,12.91,13.47,30700
512,2010-05-11,14.03,14.09,13.58,13.58,4400
511,2010-05-10,13.75,14.6,13.75,14.03,31900
510,2010-05-07,13.47,14.31,13.36,13.75,43600
509,2010-05-06,14.76,15.16,13.58,14.65,82000
508,2010-05-05,14.09,15.04,14.09,14.6,12300
507,2010-05-04,14.88,15.04,14.88,15.04,66400
506,2010-04-29,13.47,14.15,13.47,14.15,63600
505,2010-04-28,12.41,13.25,11.84,13.25,58200
504,2010-04-27,12.35,13.36,12.07,12.91,31800
503,2010-04-26,13.12,13.67,12.52,12.52,15400
502,2010-04-22,13.45,13.45,12.85,13.12,94100
501,2010-04-21,12.57,12.57,12.57,12.57,4700
500,2010-04-20,11.04,11.75,11.04,11.75,34500
499,2010-04-19,10.93,11.1,10.88,10.99,14600
498,2010-04-16,10.77,10.93,10.77,10.77,5500
497,2010-04-15,10.66,10.77,10.44,10.44,3900
496,2010-04-14,10.5,10.72,10.5,10.5,8300
495,2010-04-13,10.39,10.61,10.39,10.61,2000
494,2010-04-12,10.61,10.77,10.39,10.61,4700
493,2010-04-09,10.44,10.55,10.39,10.44,9400
492,2010-04-08,9.57,10.55,9.57,10.39,2000
491,2010-04-07,10.55,10.55,10.11,10.11,400
490,2010-04-06,10.77,10.77,9.95,10.0,1300
489,2010-04-05,10.39,10.39,10.39,10.39,500
488,2010-04-02,10.11,10.11,10.06,10.11,2100
487,2010-04-01,10.77,10.77,10.77,10.77,100
486,2010-03-31,10.77,10.77,10.11,10.11,2000
485,2010-03-30,10.82,10.82,10.82,10.82,100
484,2010-03-29,10.39,10.39,10.39,10.39,100
483,2010-03-26,9.95,9.95,9.84,9.84,2100
482,2010-03-25,11.26,11.26,9.84,9.84,4700
481,2010-03-24,10.5,10.93,10.5,10.93,3000
480,2010-03-23,10.39,10.39,10.39,10.39,400
479,2010-03-22,10.39,11.21,10.39,11.21,1700
478,2010-03-19,10.66,10.72,10.61,10.66,3200
477,2010-03-18,11.37,11.37,11.37,11.37,3000
476,2010-03-17,11.48,11.48,11.48,11.48,100
475,2010-03-16,11.43,11.7,10.93,11.21,1500
474,2010-03-15,11.21,11.81,11.1,11.32,18600
473,2010-03-12,11.04,11.15,11.04,11.04,5400
472,2010-03-11,11.21,11.21,11.15,11.21,1700
471,2010-03-10,10.93,10.93,10.39,10.66,2900
470,2010-03-09,11.15,11.15,11.04,11.1,8400
469,2010-03-08,10.88,10.93,10.39,10.93,12300
468,2010-03-05,10.55,10.72,10.55,10.72,4300
467,2010-03-04,10.72,10.93,10.28,10.28,11400
466,2010-03-03,10.39,10.39,10.11,10.33,1500
465,2010-03-02,9.95,9.95,9.95,9.95,800
464,2010-03-01,10.39,10.39,10.11,10.11,300
463,2010-02-26,11.32,11.32,10.39,10.39,2900
462,2010-02-25,10.72,10.72,10.5,10.5,800
461,2010-02-24,10.72,10.72,10.72,10.72,0
460,2010-02-23,10.72,10.72,10.72,10.72,1000
459,2010-02-22,11.48,11.48,11.48,11.48,200
458,2010-02-12,10.82,10.82,10.82,10.82,200
457,2010-02-11,10.66,10.88,10.66,10.88,1000
456,2010-02-10,10.39,10.39,10.39,10.39,0
455,2010-02-09,10.39,10.39,10.39,10.39,200
454,2010-02-08,10.0,10.28,9.9,10.28,3100
453,2010-02-05,10.33,10.33,10.33,10.33,100
452,2010-02-04,9.84,10.22,9.84,10.22,500
451,2010-02-03,9.84,9.84,9.84,9.84,300
450,2010-02-02,9.9,9.9,9.46,9.46,1100
449,2010-02-01,9.84,9.9,9.84,9.9,1400
448,2010-01-29,9.84,9.84,9.84,9.84,11000
447,2010-01-28,10.39,10.39,10.39,10.39,500
446,2010-01-27,10.72,10.72,10.72,10.72,300
445,2010-01-26,10.66,10.72,10.66,10.72,4500
444,2010-01-25,10.39,10.66,10.39,10.66,1000
443,2010-01-22,11.21,11.21,9.84,11.04,1700
442,2010-01-21,11.81,11.81,10.39,10.39,4000
441,2010-01-20,11.7,11.7,10.82,10.93,2200
440,2010-01-19,10.93,10.93,10.93,10.93,1400
439,2010-01-18,12.57,12.57,11.59,11.59,2200
438,2010-01-15,12.57,12.57,11.86,11.86,2400
437,2010-01-14,11.86,11.86,11.86,11.86,3600
436,2010-01-13,11.1,11.1,11.1,11.1,6800
435,2010-01-12,11.75,11.75,10.22,10.22,10000
434,2010-01-11,12.19,12.19,10.93,11.75,3200
433,2010-01-08,12.3,12.63,11.15,11.21,5100
432,2010-01-07,11.86,11.86,11.81,11.81,2800
431,2010-01-06,12.68,12.74,12.68,12.68,1100
430,2010-01-05,13.45,13.56,13.45,13.45,10900
429,2010-01-04,12.57,12.74,12.03,12.74,10900
428,2009-12-31,11.54,12.03,11.54,11.59,11700
427,2009-12-30,11.75,11.75,11.48,11.48,7200
426,2009-12-29,10.82,11.59,10.82,11.48,6600
425,2009-12-28,11.59,12.57,11.59,11.59,8200
424,2009-12-25,12.3,12.46,12.3,12.41,28300
423,2009-12-24,11.92,12.14,10.66,11.75,7600
422,2009-12-23,11.43,11.43,11.37,11.37,12500
421,2009-12-22,11.64,11.64,11.04,11.04,26600
420,2009-12-21,10.93,11.1,10.61,11.1,13400
419,2009-12-18,10.39,10.39,10.33,10.39,11600
418,2009-12-17,9.73,10.39,9.73,10.39,3300
417,2009-12-16,10.06,10.88,10.06,10.06,8900
416,2009-12-15,10.88,10.88,10.77,10.77,3000
415,2009-12-14,9.84,10.5,9.84,10.5,8900
414,2009-12-11,10.11,10.11,9.84,9.84,2200
413,2009-12-10,11.43,11.7,10.17,10.17,7300
412,2009-12-09,12.03,12.03,10.55,11.37,9200
411,2009-12-08,11.97,11.97,10.88,10.93,4900
410,2009-12-07,12.08,12.08,11.43,12.03,3200
409,2009-12-04,11.43,11.43,11.21,11.21,1100
408,2009-12-03,10.66,10.77,10.66,10.77,4600
407,2009-12-02,11.48,11.48,11.43,11.43,6700
406,2009-12-01,12.25,12.25,12.19,12.25,10200
405,2009-11-30,11.37,11.54,11.37,11.54,7300
404,2009-11-27,10.44,11.97,10.44,10.93,13700
403,2009-11-26,11.21,11.21,11.21,11.21,200
402,2009-11-25,12.19,12.19,11.97,11.97,3300
401,2009-11-24,12.85,12.85,12.79,12.79,1600
400,2009-11-23,13.89,13.89,12.57,12.57,8100
399,2009-11-20,13.39,13.89,13.28,13.89,5800
398,2009-11-19,13.39,14.05,13.39,13.89,17600
397,2009-11-18,13.12,13.39,13.12,13.39,5300
396,2009-11-17,15.03,15.03,13.67,13.72,10200
395,2009-11-16,14.54,14.54,13.39,14.32,7800
394,2009-11-13,13.61,13.61,13.12,13.61,21200
393,2009-11-12,12.74,12.74,12.74,12.74,5100
392,2009-11-11,16.29,16.29,14.21,14.76,34100
391,2009-11-10,15.58,15.58,15.14,15.31,9500
390,2009-11-09,16.67,16.67,16.13,16.13,3200
389,2009-11-06,17.38,17.38,16.95,17.17,38200
388,2009-11-05,16.29,16.29,16.29,16.29,8000
387,2009-11-04,16.35,16.35,14.76,15.31,3800
386,2009-11-03,15.85,15.85,14.82,15.03,9100
385,2009-11-02,16.95,16.95,15.8,16.4,13100
384,2009-10-30,16.95,16.95,16.89,16.95,35800
383,2009-10-29,16.4,16.4,15.69,15.74,28300
382,2009-10-28,16.78,17.77,16.78,16.95,37700
381,2009-10-27,18.04,18.04,18.04,18.04,500
380,2009-10-26,19.35,19.35,19.3,19.3,2500
379,2009-10-23,21.32,21.32,18.86,18.86,66400
378,2009-10-22,19.95,19.95,19.95,19.95,44000
377,2009-10-21,18.75,18.75,17.77,18.75,85900
376,2009-10-20,17.49,17.55,17.22,17.55,34700
375,2009-10-19,16.46,16.95,16.18,16.67,26800
374,2009-10-16,17.71,17.71,16.89,16.89,36400
373,2009-10-15,16.62,16.62,16.4,16.62,76700
372,2009-10-14,15.58,16.62,15.25,16.62,90700
371,2009-10-13,17.0,17.0,15.85,15.96,47100
370,2009-10-12,16.78,16.89,16.78,16.89,29900
369,2009-10-09,15.69,15.8,15.47,15.8,64400
368,2009-10-08,14.92,14.92,14.1,14.92,76100
367,2009-10-07,14.0,14.0,14.0,14.0,27200
366,2009-10-06,13.12,13.12,12.46,12.96,20900
365,2009-10-05,13.56,13.56,12.25,12.3,5800
364,2009-10-02,13.56,13.56,12.9,12.9,13300
363,2009-10-01,14.43,14.43,13.72,13.72,9000
362,2009-09-30,14.76,15.42,14.21,14.21,9900
361,2009-09-29,14.6,14.6,14.43,14.43,10400
360,2009-09-28,13.67,14.76,13.67,14.05,27300
359,2009-09-25,14.76,14.82,13.78,14.21,11200
358,2009-09-24,13.67,15.31,13.45,14.49,21300
357,2009-09-23,14.54,14.54,14.16,14.21,23400
356,2009-09-22,13.61,13.61,13.61,13.61,53600
355,2009-09-21,12.79,12.79,11.97,12.79,23000
354,2009-09-18,12.63,12.63,11.86,12.08,8900
353,2009-09-17,12.9,12.9,12.57,12.57,8500
352,2009-09-16,12.85,12.9,12.68,12.79,6300
351,2009-09-15,13.39,13.56,13.07,13.28,27400
350,2009-09-14,13.12,13.12,13.01,13.12,7800
349,2009-09-11,13.01,13.67,13.01,13.01,6100
348,2009-09-10,13.07,13.07,12.74,13.01,11700
347,2009-09-09,12.25,12.25,12.19,12.25,54100
346,2009-09-08,11.86,11.92,11.1,11.86,19800
345,2009-09-07,11.21,11.21,11.1,11.21,6800
344,2009-09-04,12.03,12.41,11.48,11.48,9100
343,2009-09-03,13.07,13.07,11.54,12.36,21300
342,2009-09-01,12.3,12.57,12.03,12.03,6200
341,2009-08-31,11.75,11.92,11.37,11.92,47900
340,2009-08-28,11.48,11.54,10.93,10.93,7000
339,2009-08-27,11.37,11.43,11.26,11.37,5100
338,2009-08-26,11.37,11.48,11.37,11.37,1500
337,2009-08-25,11.48,11.64,10.93,10.93,19400
336,2009-08-24,12.03,12.03,11.54,11.54,6700
335,2009-08-21,11.48,11.54,11.48,11.54,30000
334,2009-08-20,10.93,11.04,10.39,11.04,44600
333,2009-08-19,10.28,10.66,9.4,10.5,36700
332,2009-08-18,9.84,9.84,9.84,9.84,0
331,2009-08-17,10.5,10.5,9.84,9.84,4000
330,2009-08-14,9.57,10.0,9.57,9.9,2200
329,2009-08-13,9.68,9.9,9.35,9.9,14500
328,2009-08-12,9.29,9.35,9.24,9.24,8600
327,2009-08-11,9.29,9.29,9.18,9.24,2700
326,2009-08-10,9.02,9.46,9.02,9.46,1800
325,2009-08-07,8.97,8.97,8.97,8.97,500
324,2009-08-06,9.51,9.51,8.97,9.08,12300
323,2009-08-05,9.02,9.02,8.97,8.97,1800
322,2009-08-04,9.13,9.51,9.13,9.51,2300
321,2009-08-03,9.51,9.51,9.51,9.51,100
320,2009-07-31,9.18,9.18,9.18,9.18,400
319,2009-07-30,9.51,9.51,9.51,9.51,100
318,2009-07-29,8.91,8.91,8.91,8.91,1000
317,2009-07-28,9.35,9.35,9.35,9.35,500
316,2009-07-27,9.35,9.35,9.35,9.35,300
315,2009-07-24,9.57,9.95,9.57,9.95,10400
314,2009-07-23,9.35,9.4,9.35,9.4,1500
313,2009-07-22,9.02,9.18,8.8,9.18,2000
312,2009-07-21,8.75,8.75,8.75,8.75,100
311,2009-07-20,9.18,9.18,9.18,9.18,300
310,2009-07-17,9.62,9.62,9.62,9.62,100
309,2009-07-16,9.79,9.79,9.02,9.73,400
308,2009-07-15,9.57,9.79,9.57,9.79,1000
307,2009-07-14,9.57,9.57,9.57,9.57,500
306,2009-07-13,9.62,9.62,9.62,9.62,500
305,2009-07-10,9.73,9.79,9.73,9.79,400
304,2009-07-09,9.62,9.62,9.62,9.62,1000
303,2009-07-08,9.79,9.79,9.79,9.79,100
302,2009-07-07,9.68,9.68,9.13,9.13,2500
301,2009-07-06,9.68,9.68,9.68,9.68,1200
300,2009-07-03,9.62,9.62,9.62,9.62,100
299,2009-07-02,9.35,9.35,9.35,9.35,100
298,2009-07-01,8.8,8.86,8.8,8.86,2600
297,2009-06-30,9.18,9.18,9.18,9.18,800
296,2009-06-29,9.57,9.57,9.57,9.57,5800
295,2009-06-26,9.84,9.84,9.84,9.84,3800
294,2009-06-25,9.84,9.9,9.73,9.84,2100
293,2009-06-24,10.39,10.44,10.39,10.44,1800
292,2009-06-23,9.79,9.79,9.79,9.79,0
291,2009-06-22,9.79,9.79,9.73,9.79,2100
290,2009-06-19,10.44,10.44,10.39,10.44,6700
289,2009-06-18,9.79,9.79,9.73,9.79,4400
288,2009-06-17,9.08,9.57,9.08,9.57,5800
287,2009-06-16,9.84,9.84,9.73,9.73,8900
286,2009-06-15,10.39,10.82,10.39,10.44,4900
285,2009-06-12,11.37,11.37,10.61,10.66,8700
284,2009-06-11,11.32,11.48,11.21,11.32,14000
283,2009-06-10,11.26,11.26,11.26,11.26,13500
282,2009-06-09,12.03,12.19,12.03,12.03,8300
281,2009-06-08,11.43,11.43,11.37,11.43,19600
280,2009-06-05,10.5,10.72,10.5,10.72,31500
279,2009-06-04,9.84,10.39,9.84,10.17,18100
278,2009-06-03,10.28,10.33,9.62,9.73,4000
277,2009-06-02,10.93,10.93,10.11,10.11,600
276,2009-06-01,10.28,10.33,9.84,9.84,3800
275,2009-05-29,9.9,9.9,9.57,9.84,3700
274,2009-05-28,9.84,9.84,9.62,9.62,5500
273,2009-05-27,11.48,11.48,10.44,10.66,8100
272,2009-05-26,10.93,11.48,10.82,10.88,13200
271,2009-05-25,11.04,11.04,10.66,11.04,20600
270,2009-05-22,10.5,10.5,10.06,10.33,27400
269,2009-05-21,9.84,9.84,9.84,9.84,14600
268,2009-05-20,9.18,9.46,9.02,9.46,19900
267,2009-05-19,9.08,9.08,8.8,8.86,6700
266,2009-05-18,8.8,8.8,8.8,8.8,400
265,2009-05-15,8.75,9.02,8.75,9.02,5200
264,2009-05-14,8.75,8.75,8.75,8.75,200
263,2009-05-13,8.75,8.75,8.69,8.75,3900
262,2009-05-12,8.69,8.69,8.69,8.69,1300
261,2009-05-11,8.42,8.42,8.42,8.42,0
260,2009-05-08,8.47,8.58,8.36,8.42,2600
259,2009-05-07,8.97,8.97,8.97,8.97,100
258,2009-05-06,8.47,8.47,8.42,8.42,2400
257,2009-05-05,8.97,8.97,8.97,8.97,7200
256,2009-05-04,8.15,8.8,8.15,8.8,4200
255,2009-04-29,8.75,8.75,8.75,8.75,100
254,2009-04-28,8.31,8.31,8.31,8.31,100
253,2009-04-27,8.58,8.58,8.58,8.58,1000
252,2009-04-24,8.58,8.58,8.58,8.58,2300
251,2009-04-23,8.15,8.15,7.65,8.15,8600
250,2009-04-22,7.65,7.65,7.65,7.65,0
249,2009-04-21,7.65,7.65,7.65,7.65,300
248,2009-04-20,8.04,8.04,7.98,7.98,1900
247,2009-04-17,8.64,8.64,8.47,8.47,5900
246,2009-04-16,9.18,9.35,8.75,8.75,5600
245,2009-04-15,8.75,9.02,8.64,8.75,7900
244,2009-04-14,9.02,9.29,9.02,9.29,5000
243,2009-04-13,9.13,9.79,9.02,9.73,23300
242,2009-04-10,9.4,9.46,9.02,9.24,10600
241,2009-04-09,9.57,9.57,9.29,9.29,2600
240,2009-04-08,9.29,9.57,9.29,9.57,200
239,2009-04-07,9.29,9.29,9.29,9.29,2000
238,2009-04-03,9.57,9.57,9.57,9.57,2100
237,2009-04-02,9.24,9.24,9.24,9.24,1200
236,2009-04-01,9.51,9.57,9.29,9.29,1500
235,2009-03-31,9.29,9.29,9.29,9.29,0
234,2009-03-30,9.73,9.73,9.29,9.29,1300
233,2009-03-27,9.29,9.29,9.29,9.29,100
232,2009-03-26,8.75,8.75,8.75,8.75,2000
231,2009-03-25,8.86,8.86,8.86,8.86,100
230,2009-03-24,8.42,8.42,7.82,8.42,4300
229,2009-03-23,8.36,8.36,8.36,8.36,100
228,2009-03-20,8.86,8.86,8.86,8.86,0
227,2009-03-19,9.02,9.02,8.86,8.86,3500
226,2009-03-18,9.29,9.29,9.29,9.29,100
225,2009-03-17,9.73,9.73,9.62,9.62,1700
224,2009-03-16,9.29,9.29,9.29,9.29,3100
223,2009-03-13,10.28,10.28,9.29,9.29,2400
222,2009-03-12,9.68,9.68,9.62,9.62,1000
221,2009-03-11,10.33,10.33,10.33,10.33,2200
220,2009-03-10,9.84,10.06,9.18,9.57,4500
219,2009-03-09,9.57,9.57,9.57,9.57,200
218,2009-03-06,9.79,9.79,8.75,9.68,4700
217,2009-03-05,9.13,9.29,9.13,9.29,2000
216,2009-03-04,9.24,9.24,8.2,8.26,900
215,2009-03-03,8.53,9.13,8.04,9.02,4100
214,2009-03-02,8.69,8.69,8.58,8.58,1300
213,2009-02-27,8.64,8.64,8.2,8.58,4900
212,2009-02-26,8.53,8.69,8.04,8.64,4300
211,2009-02-25,8.69,8.69,8.04,8.04,600
210,2009-02-24,8.53,8.53,8.53,8.53,100
209,2009-02-23,9.13,9.13,9.13,9.13,300
208,2009-02-20,10.17,10.17,9.4,9.4,400
207,2009-02-19,10.28,10.33,9.57,9.57,300
206,2009-02-18,10.28,10.28,10.28,10.28,100
205,2009-02-17,9.84,9.84,9.84,9.84,300
204,2009-02-16,10.55,10.55,10.55,10.55,100
203,2009-02-13,10.39,10.66,10.39,10.66,700
202,2009-02-12,10.28,10.28,10.28,10.28,300
201,2009-02-11,10.93,10.93,10.93,10.93,100
200,2009-02-10,10.39,11.15,10.39,11.15,1100
199,2009-02-09,11.15,11.15,11.15,11.15,0
198,2009-02-06,11.15,11.15,11.15,11.15,0
197,2009-02-05,11.15,11.15,11.15,11.15,200
196,2009-02-04,10.99,11.75,10.99,11.75,1200
195,2009-02-03,10.99,10.99,10.99,10.99,200
194,2009-02-02,10.28,10.28,10.28,10.28,800
193,2009-01-23,10.39,10.39,10.39,10.39,0
192,2009-01-22,10.39,10.39,9.62,10.39,700
191,2009-01-21,10.55,10.55,9.84,9.95,1200
190,2009-01-20,10.61,10.61,10.5,10.5,700
189,2009-01-19,10.5,10.5,10.5,10.5,0
188,2009-01-16,10.5,10.5,10.5,10.5,100
187,2009-01-15,10.39,10.39,9.95,10.39,400
186,2009-01-14,10.99,10.99,9.95,10.61,3900
185,2009-01-13,10.88,11.37,10.5,10.5,900
184,2009-01-12,11.26,11.26,11.26,11.26,100
183,2009-01-09,11.15,11.15,10.39,10.5,400
182,2009-01-08,10.5,10.61,10.33,10.61,1000
181,2009-01-07,10.33,10.39,10.33,10.33,2700
180,2009-01-06,10.93,10.93,10.93,10.93,0
179,2009-01-05,11.37,11.37,10.93,10.93,1000
178,2009-01-02,10.66,10.66,10.66,10.66,200
177,2008-12-31,10.93,10.93,10.93,10.93,500
176,2008-12-30,10.55,10.55,10.55,10.55,1100
175,2008-12-29,11.37,11.37,10.99,10.99,1100
174,2008-12-26,10.33,10.33,10.33,10.33,0
173,2008-12-25,11.86,11.86,10.33,10.33,2500
172,2008-12-24,11.15,11.15,11.15,11.15,0
171,2008-12-23,10.72,11.15,10.72,11.15,1000
170,2008-12-22,10.72,10.72,10.72,10.72,100
169,2008-12-19,11.48,11.48,11.48,11.48,0
168,2008-12-18,11.48,11.48,11.48,11.48,0
167,2008-12-17,11.48,11.48,11.48,11.48,200
166,2008-12-16,12.08,12.08,12.03,12.03,400
165,2008-12-15,11.7,11.7,11.7,11.7,1000
164,2008-12-12,12.3,12.3,10.93,11.75,9600
163,2008-12-11,11.75,11.75,11.7,11.7,1000
162,2008-12-10,11.04,11.04,10.99,10.99,1000
161,2008-12-09,10.39,10.39,10.39,10.39,500
160,2008-12-08,10.22,10.22,10.22,10.22,0
159,2008-12-05,11.59,11.59,10.22,10.22,1600
158,2008-12-04,10.93,10.93,10.93,10.93,100
157,2008-12-03,11.81,11.81,10.39,10.39,6200
156,2008-12-02,11.15,11.15,11.15,11.15,500
155,2008-12-01,10.33,11.64,10.33,10.33,3000
154,2008-11-28,11.32,11.48,10.39,11.48,5600
153,2008-11-27,11.92,12.03,10.72,10.72,3000
152,2008-11-26,11.81,11.81,10.39,10.39,2600
151,2008-11-25,11.1,11.1,11.1,11.1,1200
150,2008-11-24,12.03,12.08,11.21,11.21,5100
149,2008-11-21,11.48,11.48,11.43,11.43,1900
148,2008-11-20,12.96,12.96,12.08,12.08,6100
147,2008-11-19,12.46,13.01,12.46,12.46,7000
146,2008-11-18,12.41,12.46,12.03,12.03,11500
145,2008-11-17,12.03,12.57,11.86,11.86,20700
144,2008-11-14,11.59,12.3,11.59,12.3,10500
143,2008-11-13,11.59,12.41,11.59,12.41,4200
142,2008-11-12,12.41,12.41,12.41,12.41,600
141,2008-11-11,13.34,13.34,13.34,13.34,100
140,2008-11-10,14.65,14.65,14.65,14.65,0
139,2008-11-07,14.21,14.65,14.21,14.65,2000
138,2008-11-06,13.89,13.89,12.68,12.68,4300
137,2008-11-05,13.67,13.67,13.45,13.61,28100
136,2008-11-04,12.85,13.12,12.57,13.12,23100
135,2008-11-03,12.57,12.68,11.75,12.57,8000
134,2008-10-31,12.41,12.41,11.59,12.36,8400
133,2008-10-30,12.41,12.41,12.41,12.41,12100
132,2008-10-29,13.67,14.05,13.12,13.12,8100
131,2008-10-28,12.52,12.52,12.52,12.52,0
130,2008-10-27,14.21,14.21,12.52,12.52,2200
129,2008-10-24,13.67,13.67,13.01,13.01,4600
128,2008-10-23,13.67,14.65,13.12,13.12,10300
127,2008-10-22,13.67,13.94,13.12,13.12,7800
126,2008-10-21,14.21,14.76,13.34,13.34,15900
125,2008-10-20,14.32,14.32,14.32,14.32,2100
124,2008-10-17,15.2,15.42,15.2,15.42,2000
123,2008-10-16,15.47,15.47,14.43,14.43,5100
122,2008-10-15,15.91,15.91,14.21,14.21,4000
121,2008-10-14,14.87,14.87,14.87,14.87,4100
120,2008-10-13,14.21,14.21,13.39,14.21,5900
119,2008-10-10,14.21,14.21,13.28,13.28,18600
118,2008-10-09,14.21,14.65,13.12,14.21,8600
117,2008-10-08,13.67,13.94,13.67,13.67,6900
116,2008-10-07,14.65,14.82,14.54,14.54,17500
115,2008-10-06,16.62,16.62,14.6,15.58,24000
114,2008-10-03,16.51,16.51,15.47,15.58,9600
113,2008-10-02,16.4,16.4,14.38,15.58,15200
112,2008-10-01,15.42,15.42,15.31,15.42,36400
111,2008-09-30,15.85,15.85,14.38,14.38,5700
110,2008-09-29,15.42,15.42,15.31,15.42,18100
109,2008-09-26,14.43,14.43,14.43,14.43,35200
108,2008-09-25,12.25,14.0,12.25,14.0,8100
107,2008-09-24,13.23,13.23,13.12,13.12,2400
106,2008-09-23,14.21,14.32,13.67,14.21,27700
105,2008-09-22,13.39,13.39,13.39,13.39,1000
104,2008-09-19,11.32,12.85,11.21,12.85,10800
103,2008-09-18,12.03,12.08,12.03,12.03,14200
102,2008-09-17,12.9,12.9,12.9,12.9,6500
101,2008-09-16,15.03,15.03,13.5,13.5,11500
100,2008-09-15,14.21,16.18,14.21,15.03,23800
99,2008-09-12,15.25,15.25,15.25,15.25,2000
98,2008-09-11,17.55,18.26,15.96,15.96,12200
97,2008-09-10,19.41,19.41,16.89,16.95,19000
96,2008-09-09,18.7,18.7,16.95,18.53,11600
95,2008-09-08,18.53,18.53,17.28,18.04,42800
94,2008-09-05,18.59,18.59,17.38,18.59,67100
93,2008-09-04,17.38,17.38,17.38,17.38,31500
92,2008-09-03,16.29,16.29,16.29,16.29,1000
91,2008-08-29,15.69,15.74,13.78,15.74,43500
90,2008-08-28,14.76,14.76,14.49,14.76,82500
89,2008-08-27,13.83,13.83,13.83,13.83,14100
88,2008-08-26,12.96,12.96,12.96,12.96,300
87,2008-08-25,12.14,12.14,12.14,12.14,18200
86,2008-08-22,12.68,12.9,11.26,11.32,25300
85,2008-08-21,11.48,12.85,11.48,12.3,44100
84,2008-08-20,12.3,12.3,12.3,12.3,5200
83,2008-08-19,14.21,14.21,13.12,13.12,9800
82,2008-08-18,14.21,14.21,13.34,14.1,17700
81,2008-08-15,13.28,13.28,13.28,13.28,15200
80,2008-08-14,12.79,12.79,12.79,12.79,14000
79,2008-08-13,12.52,12.52,11.7,12.52,31700
78,2008-08-12,12.25,12.25,11.37,12.25,42200
77,2008-08-11,11.81,12.03,11.81,11.81,46000
76,2008-08-08,12.25,12.25,12.25,12.25,0
75,2008-08-07,12.25,12.25,12.25,12.25,100
74,2008-08-06,12.74,12.74,12.74,12.74,100
73,2008-08-05,13.23,13.23,13.23,13.23,100
72,2008-08-04,13.78,13.78,13.78,13.78,0
71,2008-08-01,13.78,13.78,13.78,13.78,0
70,2008-07-31,13.78,13.78,13.78,13.78,0
69,2008-07-30,13.78,13.78,13.78,13.78,100
68,2008-07-29,13.28,13.28,13.28,13.28,300
67,2008-07-28,13.83,13.83,13.83,13.83,100
66,2008-07-25,14.38,14.38,14.38,14.38,0
65,2008-07-24,14.38,14.38,14.38,14.38,100
64,2008-07-23,14.05,14.05,14.05,14.05,0
63,2008-07-22,15.14,15.14,14.05,14.05,500
62,2008-07-21,14.6,14.6,14.6,14.6,0
61,2008-07-18,14.6,14.6,14.6,14.6,0
60,2008-07-17,14.6,14.6,14.6,14.6,100
59,2008-07-16,15.2,15.2,15.2,15.2,0
58,2008-07-15,15.2,15.2,15.2,15.2,3600
57,2008-07-14,15.8,15.8,15.8,15.8,300
56,2008-07-11,16.46,16.46,16.46,16.46,100
55,2008-07-10,17.11,17.11,17.11,17.11,0
54,2008-07-09,17.11,17.11,17.11,17.11,0
53,2008-07-08,17.11,17.11,17.11,17.11,1000
52,2008-07-07,17.82,17.82,17.82,17.82,0
51,2008-07-04,17.82,17.82,17.82,17.82,3200
50,2008-07-03,17.33,17.33,17.33,17.33,0
49,2008-07-02,17.33,17.33,17.33,17.33,0
48,2008-07-01,17.33,17.33,17.33,17.33,0
47,2008-06-30,17.33,17.33,17.33,17.33,0
46,2008-06-27,17.33,18.7,17.33,17.33,5400
45,2008-06-26,18.04,18.04,18.04,18.04,0
44,2008-06-25,18.04,18.04,18.04,18.04,2800
43,2008-06-24,18.75,18.75,18.75,18.75,0
42,2008-06-23,18.75,18.75,18.75,18.75,0
41,2008-06-20,18.75,18.75,18.75,18.75,1000
40,2008-06-19,18.48,18.48,18.48,18.48,0
39,2008-06-18,17.49,18.48,17.49,18.48,8000
38,2008-06-17,17.99,17.99,17.99,17.99,3600
37,2008-06-16,18.53,18.53,18.53,18.53,0
36,2008-06-13,18.53,18.53,18.53,18.53,0
35,2008-06-12,18.53,18.53,18.53,18.53,300
34,2008-06-11,19.08,19.08,19.08,19.08,100
33,2008-06-10,19.63,19.63,19.63,19.63,100
32,2008-06-09,19.13,19.13,19.13,19.13,0
31,2008-06-06,19.13,19.13,19.13,19.13,600
30,2008-06-05,19.68,19.68,19.68,19.68,200
29,2008-06-04,19.63,19.63,19.63,19.63,200
28,2008-06-03,19.13,19.13,19.13,19.13,200
27,2008-06-02,18.64,18.64,18.64,18.64,200
26,2008-05-30,18.2,18.2,18.2,18.2,200
25,2008-05-29,19.24,19.24,18.2,18.2,200
24,2008-05-28,18.75,18.75,18.75,18.75,100
23,2008-05-27,19.3,19.3,19.3,19.3,400
22,2008-05-26,19.85,19.85,19.85,19.85,100
21,2008-05-23,19.35,19.35,19.35,19.35,100
20,2008-05-22,18.86,18.86,18.86,18.86,200
19,2008-05-21,18.31,18.31,18.31,18.31,100
18,2008-05-20,18.86,18.86,18.86,18.86,100
17,2008-05-19,19.03,19.03,17.93,17.93,300
16,2008-05-16,18.48,18.48,18.48,18.48,100
15,2008-05-15,17.71,17.71,17.71,17.71,0
14,2008-05-14,18.81,18.81,17.71,17.71,400
13,2008-05-13,18.26,18.26,18.26,18.26,100
12,2008-05-12,18.81,18.81,18.81,18.81,100
11,2008-05-09,18.26,18.26,18.26,18.26,0
10,2008-05-08,18.26,18.26,18.26,18.26,0
9,2008-05-07,18.26,18.26,18.26,18.26,0
8,2008-05-06,18.26,18.26,18.26,18.26,2100
7,2008-05-05,18.81,18.81,18.81,18.81,0
6,2008-04-29,18.81,18.81,18.81,18.81,100
5,2008-04-28,19.35,19.35,19.35,19.35,100
4,2008-04-25,19.9,19.9,19.9,19.9,300
3,2008-04-24,20.5,20.5,20.5,20.5,100
2,2008-04-23,21.1,21.1,21.1,21.1,100
1,2008-04-22,21.7,21.7,21.7,21.7,500
0,2008-04-21,27.33,27.33,17.06,21.32,183000
