,Date,Open,High,Low,Close
4550,2025-10-10,12.4,12.4,12.4,12.4
4549,2025-10-08,11.4,11.4,11.4,11.4
4548,2025-10-03,11.4,11.4,11.4,11.4
4547,2025-09-25,11.4,11.5,11.4,11.5
4546,2025-09-23,11.3,11.3,11.3,11.3
4545,2025-09-22,11.4,11.4,11.4,11.4
4544,2025-09-15,11.4,11.5,11.4,11.5
4543,2025-09-12,11.4,11.4,11.4,11.4
4542,2025-09-08,11.2,11.2,11.2,11.2
4541,2025-09-05,11.1,11.1,11.1,11.1
4540,2025-09-04,11.8,11.8,11.8,11.8
4539,2025-09-03,11.2,11.2,11.0,11.0
4538,2025-08-29,12.1,12.1,12.1,12.1
4537,2025-08-28,11.2,11.2,11.2,11.2
4536,2025-08-25,11.9,12.5,11.9,12.5
4535,2025-08-21,11.7,11.7,11.7,11.7
4534,2025-08-19,11.7,11.9,11.5,11.8
4533,2025-08-18,11.6,11.6,11.6,11.6
4532,2025-08-15,11.5,11.9,11.5,11.9
4531,2025-08-14,11.5,12.0,11.5,12.0
4530,2025-08-13,11.5,11.5,11.5,11.5
4529,2025-08-12,11.5,11.5,11.5,11.5
4528,2025-08-11,11.7,11.7,11.5,11.5
4527,2025-08-05,12.1,12.1,12.1,12.1
4526,2025-08-04,12.0,12.3,11.7,12.3
4525,2025-08-01,11.5,11.5,11.5,11.5
4524,2025-07-31,11.5,11.5,11.5,11.5
4523,2025-07-30,11.5,11.5,11.5,11.5
4522,2025-07-29,11.4,11.5,11.4,11.5
4521,2025-07-25,11.5,11.5,11.5,11.5
4520,2025-07-24,11.5,11.5,11.5,11.5
4519,2025-07-22,11.6,11.6,11.6,11.6
4518,2025-07-21,11.7,11.7,11.7,11.7
4517,2025-07-18,11.0,11.0,11.0,11.0
4516,2025-07-17,11.0,11.6,10.9,11.6
4515,2025-07-16,11.1,11.1,11.0,11.0
4514,2025-07-15,11.1,11.1,11.1,11.1
4513,2025-07-14,11.0,11.5,10.9,10.9
4512,2025-07-11,11.8,11.8,10.7,10.8
4511,2025-07-10,11.8,11.8,11.5,11.8
4510,2025-07-09,10.6,11.8,10.5,11.8
4509,2025-07-02,11.9,11.9,11.9,11.9
4508,2025-06-19,11.0,11.0,10.9,10.9
4507,2025-06-18,11.0,11.0,11.0,11.0
4506,2025-06-09,11.9,11.9,11.9,11.9
4505,2025-06-03,10.6,10.6,10.6,10.6
4504,2025-06-02,10.2,11.0,10.2,10.8
4503,2025-05-27,11.5,13.0,11.5,13.0
4502,2025-05-14,11.6,11.6,11.6,11.6
4501,2025-05-13,11.1,11.1,11.1,11.1
4500,2025-05-12,11.9,11.9,11.9,11.9
4499,2025-05-09,11.0,11.7,11.0,11.7
4498,2025-05-08,11.3,11.3,11.3,11.3
4497,2025-05-07,11.3,11.3,11.3,11.3
4496,2025-05-06,11.3,11.3,11.3,11.3
4495,2025-05-05,11.7,11.7,11.7,11.7
4494,2025-04-22,11.7,11.7,11.7,11.7
4493,2025-04-21,10.9,11.0,10.5,11.0
4492,2025-04-18,10.8,11.7,10.8,11.7
4491,2025-04-14,11.8,11.8,11.8,11.8
4490,2025-04-11,12.0,12.0,12.0,12.0
4489,2025-04-10,12.0,12.0,12.0,12.0
4488,2025-04-09,10.5,12.0,10.5,12.0
4487,2025-04-04,11.8,11.8,11.8,11.8
4486,2025-04-03,11.3,11.3,10.5,11.3
4485,2025-04-02,11.4,11.4,11.3,11.3
4484,2025-03-28,11.5,11.5,11.3,11.3
4483,2025-03-26,11.5,11.5,11.5,11.5
4482,2025-03-21,11.5,11.5,11.5,11.5
4481,2025-03-19,11.5,11.5,11.5,11.5
4480,2025-03-18,11.4,11.5,11.4,11.5
4479,2025-03-14,11.9,11.9,11.9,11.9
4478,2025-03-07,11.5,12.0,11.5,12.0
4477,2025-03-06,11.5,11.5,11.5,11.5
4476,2025-03-05,11.5,11.5,11.5,11.5
4475,2025-03-03,11.5,12.3,11.3,12.3
4474,2025-02-27,11.9,12.6,11.9,12.6
4473,2025-02-26,11.8,11.8,11.8,11.8
4472,2025-02-25,11.5,11.5,11.5,11.5
4471,2025-02-24,11.5,11.5,11.5,11.5
4470,2025-02-21,11.4,11.4,11.4,11.4
4469,2025-02-20,12.1,12.1,12.0,12.0
4468,2025-02-19,11.9,11.9,11.9,11.9
4467,2025-02-18,11.8,11.8,11.5,11.6
4466,2025-02-17,11.7,11.7,11.5,11.6
4465,2025-02-13,12.0,12.0,11.8,11.8
4464,2025-02-12,11.7,11.7,11.2,11.2
4463,2025-02-11,12.0,12.0,11.9,11.9
4462,2025-02-10,11.3,12.2,11.3,12.2
4461,2025-02-07,11.3,11.4,11.3,11.3
4460,2025-02-06,11.1,11.5,11.1,11.5
4459,2025-02-05,12.6,12.6,12.3,12.3
4458,2025-02-04,12.7,12.7,12.7,12.7
4457,2025-01-24,12.8,13.2,12.8,13.2
4456,2025-01-23,13.5,13.5,13.5,13.5
4455,2025-01-21,12.5,12.6,12.5,12.6
4454,2025-01-20,12.7,12.7,12.7,12.7
4453,2025-01-17,12.6,13.2,12.6,13.2
4452,2025-01-16,12.6,12.6,12.6,12.6
4451,2025-01-15,12.8,12.8,12.6,12.6
4450,2025-01-14,12.9,12.9,12.9,12.9
4449,2025-01-13,12.9,12.9,12.9,12.9
4448,2025-01-10,13.1,13.1,13.0,13.0
4447,2025-01-09,13.1,13.1,13.1,13.1
4446,2025-01-08,13.2,13.2,12.9,13.1
4445,2025-01-07,13.1,13.2,13.1,13.2
4444,2025-01-06,12.4,12.4,12.3,12.3
4443,2025-01-03,12.3,12.7,12.3,12.4
4442,2025-01-02,11.3,12.4,11.3,12.4
4441,2024-12-30,10.8,11.3,10.8,11.3
4440,2024-12-27,12.6,12.6,12.6,12.6
4439,2024-12-26,11.3,11.3,11.3,11.3
4438,2024-12-25,11.1,12.6,11.1,11.5
4437,2024-12-23,12.7,12.7,12.7,12.7
4436,2024-12-19,11.8,11.8,11.8,11.8
4435,2024-12-17,11.8,11.8,11.8,11.8
4434,2024-12-16,11.8,11.8,11.8,11.8
4433,2024-12-13,11.7,11.7,11.7,11.7
4432,2024-12-12,11.5,11.8,11.5,11.8
4431,2024-12-10,12.0,12.0,12.0,12.0
4430,2024-12-05,12.0,12.0,12.0,12.0
4429,2024-12-02,10.8,11.1,10.8,10.9
4428,2024-11-26,11.6,11.9,11.6,11.9
4427,2024-11-22,11.6,11.6,11.6,11.6
4426,2024-11-21,11.6,11.6,11.6,11.6
4425,2024-11-20,11.4,11.4,11.4,11.4
4424,2024-11-19,11.3,11.4,11.3,11.4
4423,2024-11-05,13.7,13.7,13.7,13.7
4422,2024-10-31,11.4,12.1,11.4,12.1
4421,2024-10-30,10.5,10.6,10.5,10.6
4420,2024-10-28,12.0,12.0,12.0,12.0
4419,2024-10-24,11.0,11.7,11.0,11.7
4418,2024-10-22,10.6,10.8,10.6,10.8
4417,2024-10-18,10.8,10.8,10.8,10.8
4416,2024-10-17,11.0,11.0,11.0,11.0
4415,2024-10-15,11.0,11.0,11.0,11.0
4414,2024-10-14,10.9,10.9,10.9,10.9
4413,2024-10-10,11.8,11.9,11.8,11.8
4412,2024-10-09,11.4,11.4,11.4,11.4
4411,2024-10-08,11.4,11.4,11.4,11.4
4410,2024-10-07,11.7,11.7,11.3,11.3
4409,2024-10-01,11.8,11.9,11.8,11.9
4408,2024-09-27,11.0,11.8,11.0,11.8
4407,2024-09-26,11.9,12.0,11.9,11.9
4406,2024-09-25,11.8,11.8,11.8,11.8
4405,2024-09-20,11.8,11.9,11.8,11.9
4404,2024-09-13,11.6,11.6,11.6,11.6
4403,2024-09-12,11.6,11.6,11.6,11.6
4402,2024-09-11,11.5,11.6,11.5,11.6
4401,2024-09-09,11.7,11.8,11.5,11.5
4400,2024-09-06,12.2,12.2,12.2,12.2
4399,2024-09-04,12.2,12.2,12.2,12.2
4398,2024-08-30,12.0,12.3,12.0,12.0
4397,2024-08-29,11.9,12.0,11.9,12.0
4396,2024-08-28,11.5,11.5,11.5,11.5
4395,2024-08-27,12.1,12.1,12.1,12.1
4394,2024-08-26,11.9,11.9,11.8,11.9
4393,2024-08-23,11.7,11.7,11.6,11.6
4392,2024-08-21,12.5,12.9,12.5,12.9
4391,2024-08-20,12.5,12.5,12.5,12.5
4390,2024-08-16,11.9,12.9,11.4,12.8
4389,2024-08-15,10.9,11.6,10.9,11.1
4388,2024-08-14,13.0,13.0,12.1,12.2
4387,2024-08-13,13.0,13.0,11.9,11.9
4386,2024-08-09,11.4,11.9,11.4,11.9
4385,2024-08-08,11.4,13.1,11.4,13.1
4384,2024-08-07,13.3,13.3,13.3,13.3
4383,2024-08-06,12.0,12.0,12.0,12.0
4382,2024-08-05,12.1,12.1,11.7,11.9
4381,2024-08-02,12.2,12.2,12.1,12.1
4380,2024-08-01,12.3,12.3,12.1,12.3
4379,2024-07-31,12.3,12.3,12.2,12.3
4378,2024-07-30,12.3,12.3,12.3,12.3
4377,2024-07-29,12.3,12.3,12.3,12.3
4376,2024-07-25,12.7,12.8,12.7,12.8
4375,2024-07-24,12.0,12.5,12.0,12.5
4374,2024-07-23,12.5,12.5,12.0,12.0
4373,2024-07-22,12.6,12.9,12.3,12.9
4372,2024-07-19,13.2,13.2,12.9,13.0
4371,2024-07-18,13.4,13.7,13.4,13.7
4370,2024-07-17,13.8,13.9,13.4,13.4
4369,2024-07-16,14.4,14.6,13.8,14.3
4368,2024-07-15,14.7,14.7,14.3,14.7
4367,2024-07-12,14.6,14.6,14.6,14.6
4366,2024-07-11,15.1,15.1,14.6,14.6
4365,2024-07-10,15.3,15.3,15.0,15.0
4364,2024-07-09,15.4,15.4,15.2,15.2
4363,2024-07-08,16.2,16.2,15.3,15.3
4362,2024-07-05,15.9,16.4,15.2,15.2
4361,2024-07-04,14.6,16.2,14.6,15.6
4360,2024-07-03,15.0,15.0,14.6,15.0
4359,2024-07-02,14.9,14.9,14.4,14.4
4358,2024-07-01,14.3,14.5,14.0,14.5
4357,2024-06-28,14.9,16.4,13.5,14.7
4356,2024-06-27,16.3,16.3,14.0,15.5
4355,2024-06-26,17.5,17.5,15.5,16.3
4354,2024-06-25,18.4,18.5,16.0,17.5
4353,2024-06-24,16.0,16.1,16.0,16.1
4352,2024-06-21,12.8,14.1,12.8,14.1
4351,2024-06-20,12.5,12.8,12.0,12.8
4350,2024-06-19,12.4,12.4,12.0,12.2
4349,2024-06-18,12.0,12.5,12.0,12.5
4348,2024-06-17,13.3,13.3,12.0,12.0
4347,2024-06-14,14.6,14.6,11.1,11.9
4346,2024-06-13,13.0,14.4,12.9,13.0
4345,2024-06-12,15.0,16.0,14.4,14.4
4344,2024-06-11,13.8,14.7,13.2,14.7
4343,2024-06-10,12.6,13.5,12.6,13.5
4342,2024-06-07,11.5,12.6,11.5,12.6
4341,2024-06-06,12.5,12.5,12.5,12.5
4340,2024-06-05,12.0,12.3,12.0,12.3
4339,2024-06-04,11.7,11.7,11.6,11.6
4338,2024-06-03,11.9,11.9,11.5,11.5
4337,2024-05-31,13.0,13.0,12.5,12.5
4336,2024-05-30,12.4,12.4,12.4,12.4
4335,2024-05-29,12.0,12.0,12.0,12.0
4334,2024-05-28,12.0,12.1,12.0,12.0
4333,2024-05-27,11.9,11.9,11.9,11.9
4332,2024-05-24,11.6,11.6,11.6,11.6
4331,2024-05-23,11.3,11.7,11.3,11.7
4330,2024-05-22,11.2,12.1,11.2,11.3
4329,2024-05-21,11.5,12.5,11.4,12.5
4328,2024-05-20,11.5,11.5,11.5,11.5
4327,2024-05-17,11.9,11.9,11.9,11.9
4326,2024-05-16,11.5,12.3,11.5,12.0
4325,2024-05-15,11.7,11.7,11.0,11.0
4324,2024-05-14,11.8,11.8,11.1,11.1
4323,2024-05-13,12.5,12.5,11.1,11.1
4322,2024-05-10,11.0,11.0,10.9,11.0
4321,2024-05-09,10.8,10.8,10.8,10.8
4320,2024-05-08,10.7,10.9,10.7,10.9
4319,2024-05-07,10.6,10.7,10.5,10.5
4318,2024-05-06,10.7,10.7,10.7,10.7
4317,2024-05-03,10.9,10.9,10.9,10.9
4316,2024-05-02,10.3,10.7,9.6,10.4
4315,2024-04-26,11.2,11.2,11.2,11.2
4314,2024-04-25,11.3,11.3,11.0,11.0
4313,2024-04-24,11.4,11.4,11.4,11.4
4312,2024-04-23,11.6,11.6,11.0,11.0
4311,2024-04-22,10.8,10.8,10.3,10.6
4310,2024-04-19,11.5,11.5,11.5,11.5
4309,2024-04-17,11.5,11.5,11.5,11.5
4308,2024-04-16,11.8,11.8,11.3,11.3
4307,2024-04-15,12.0,12.0,10.8,10.8
4306,2024-04-12,12.7,12.7,12.7,12.7
4305,2024-04-11,12.7,12.7,12.7,12.7
4304,2024-04-10,13.4,13.4,12.2,12.2
4303,2024-04-09,12.7,12.7,12.7,12.7
4302,2024-04-08,12.7,12.7,12.7,12.7
4301,2024-04-05,12.2,12.9,12.2,12.8
4300,2024-04-04,12.5,12.5,12.5,12.5
4299,2024-04-03,12.5,12.5,12.5,12.5
4298,2024-04-02,12.5,12.5,12.5,12.5
4297,2024-04-01,12.6,13.4,12.3,13.0
4296,2024-03-29,12.9,12.9,12.9,12.9
4295,2024-03-28,13.0,13.0,12.8,13.0
4294,2024-03-27,13.0,13.0,13.0,13.0
4293,2024-03-26,13.0,13.0,13.0,13.0
4292,2024-03-25,12.5,13.0,12.5,13.0
4291,2024-03-22,13.7,13.7,13.7,13.7
4290,2024-03-21,13.7,13.7,13.7,13.7
4289,2024-03-20,13.0,13.0,13.0,13.0
4288,2024-03-19,13.0,13.0,13.0,13.0
4287,2024-03-18,13.2,13.2,13.2,13.2
4286,2024-03-15,13.0,13.1,13.0,13.1
4285,2024-03-14,13.0,13.0,13.0,13.0
4284,2024-03-13,13.0,13.0,12.6,13.0
4283,2024-03-12,13.0,13.0,13.0,13.0
4282,2024-03-11,14.0,14.0,13.0,13.0
4281,2024-03-08,13.2,13.2,13.2,13.2
4280,2024-03-07,13.9,13.9,13.2,13.2
4279,2024-03-06,13.8,13.8,13.8,13.8
4278,2024-03-05,13.8,13.8,13.8,13.8
4277,2024-03-04,13.7,13.9,13.7,13.9
4276,2024-03-01,13.8,13.9,13.7,13.7
4275,2024-02-29,13.5,13.8,13.5,13.8
4274,2024-02-28,13.7,13.9,13.7,13.9
4273,2024-02-27,13.7,13.7,13.6,13.6
4272,2024-02-26,13.2,13.5,13.2,13.5
4271,2024-02-23,14.0,14.0,13.2,13.4
4270,2024-02-22,13.0,13.8,13.0,13.8
4269,2024-02-21,13.0,13.0,12.9,13.0
4268,2024-02-20,13.1,13.1,13.1,13.1
4267,2024-02-19,13.0,13.5,13.0,13.1
4266,2024-02-16,13.5,13.5,13.5,13.5
4265,2024-02-15,13.2,13.7,13.2,13.7
4264,2024-02-07,13.1,13.3,13.1,13.3
4263,2024-02-06,13.9,13.9,13.9,13.9
4262,2024-02-05,13.5,13.9,13.1,13.9
4261,2024-02-02,14.0,14.1,13.8,14.1
4260,2024-02-01,16.0,16.0,14.5,14.5
4259,2024-01-31,12.5,14.0,12.5,14.0
4258,2024-01-30,12.5,12.5,11.6,11.6
4257,2024-01-29,12.6,12.6,12.6,12.6
4256,2024-01-26,12.6,12.6,12.6,12.6
4255,2024-01-25,12.6,12.6,12.6,12.6
4254,2024-01-24,12.1,12.2,12.1,12.2
4253,2024-01-23,12.2,12.2,12.2,12.2
4252,2024-01-22,12.2,12.2,12.2,12.2
4251,2024-01-19,12.2,12.2,12.2,12.2
4250,2024-01-18,12.2,12.2,12.2,12.2
4249,2024-01-17,12.2,12.2,12.2,12.2
4248,2024-01-16,11.6,12.5,11.6,12.5
4247,2024-01-15,13.5,13.5,13.5,13.5
4246,2024-01-12,11.5,12.0,11.5,12.0
4245,2024-01-11,12.3,12.3,12.3,12.3
4244,2024-01-10,11.8,11.8,11.5,11.5
4243,2024-01-09,12.5,12.5,12.5,12.5
4242,2024-01-08,12.5,12.5,12.5,12.5
4241,2024-01-05,11.9,12.0,11.4,11.5
4240,2024-01-04,12.0,12.1,12.0,12.1
4239,2024-01-03,12.7,12.8,12.0,12.0
4238,2024-01-02,12.4,12.4,12.4,12.4
4237,2023-12-29,12.4,12.4,12.4,12.4
4236,2023-12-28,12.0,12.5,11.9,12.0
4235,2023-12-27,12.9,12.9,12.1,12.8
4234,2023-12-26,12.9,12.9,11.9,12.0
4233,2023-12-25,12.9,12.9,12.9,12.9
4232,2023-12-22,12.9,12.9,12.9,12.9
4231,2023-12-21,12.9,12.9,12.9,12.9
4230,2023-12-20,12.9,12.9,12.9,12.9
4229,2023-12-19,12.4,12.4,12.4,12.4
4228,2023-12-18,12.1,12.9,12.1,12.9
4227,2023-12-15,13.2,13.2,13.2,13.2
4226,2023-12-14,13.2,13.2,13.2,13.2
4225,2023-12-13,13.2,13.2,13.2,13.2
4224,2023-12-12,13.2,13.2,13.2,13.2
4223,2023-12-11,13.2,13.2,13.2,13.2
4222,2023-12-08,12.0,13.9,12.0,13.9
4221,2023-12-07,13.6,13.6,13.6,13.6
4220,2023-12-06,13.6,13.6,13.6,13.6
4219,2023-12-05,13.6,13.6,13.6,13.6
4218,2023-12-04,13.6,13.6,13.6,13.6
4217,2023-12-01,12.3,12.8,12.3,12.8
4216,2023-11-30,12.8,12.8,12.8,12.8
4215,2023-11-29,12.0,12.8,12.0,12.0
4214,2023-11-28,12.9,12.9,12.9,12.9
4213,2023-11-27,12.3,13.0,12.1,13.0
4212,2023-11-24,13.0,13.0,13.0,13.0
4211,2023-11-23,13.0,13.4,12.3,12.3
4210,2023-11-22,12.8,13.4,12.8,13.4
4209,2023-11-21,12.9,12.9,12.8,12.8
4208,2023-11-20,12.4,13.7,12.4,12.4
4207,2023-11-17,12.3,13.7,12.3,12.5
4206,2023-11-16,13.1,13.1,13.1,13.1
4205,2023-11-15,14.2,14.4,12.5,12.5
4204,2023-11-14,15.0,15.0,13.7,13.7
4203,2023-11-13,14.0,14.0,12.8,13.1
4202,2023-11-10,12.7,12.7,12.7,12.7
4201,2023-11-09,10.8,12.3,10.8,11.8
4200,2023-11-08,10.0,11.5,10.0,10.3
4199,2023-11-07,10.2,10.2,10.0,10.0
4198,2023-11-06,10.0,10.9,9.6,10.3
4197,2023-11-03,9.8,9.9,9.5,9.5
4196,2023-11-02,9.8,10.3,9.3,9.3
4195,2023-11-01,9.9,9.9,9.2,9.5
4194,2023-10-31,10.0,10.0,9.3,9.6
4193,2023-10-30,9.7,9.7,9.2,9.7
4192,2023-10-27,9.2,10.5,7.9,9.7
4191,2023-10-26,9.2,9.2,9.2,9.2
4190,2023-10-25,10.1,10.1,10.1,10.1
4189,2023-10-24,10.1,10.1,10.1,10.1
4188,2023-10-23,9.5,9.5,9.5,9.5
4187,2023-10-20,10.7,10.7,10.7,10.7
4186,2023-10-19,10.2,10.2,10.0,10.0
4185,2023-10-18,9.6,10.7,9.0,10.1
4184,2023-10-17,10.4,10.7,9.7,10.5
4183,2023-10-16,9.7,10.0,9.7,10.0
4182,2023-10-13,9.2,9.6,9.2,9.6
4181,2023-10-12,9.4,9.5,8.8,8.8
4180,2023-10-11,9.8,9.8,9.0,9.0
4179,2023-10-10,9.5,9.5,9.3,9.4
4178,2023-10-09,10.3,10.3,9.2,9.3
4177,2023-10-06,10.0,10.0,9.0,9.6
4176,2023-10-05,9.4,9.4,9.3,9.4
4175,2023-10-04,10.6,10.6,10.5,10.5
4174,2023-10-03,9.5,10.1,9.5,10.1
4173,2023-10-02,9.5,9.7,9.5,9.5
4172,2023-09-29,11.0,11.0,11.0,11.0
4171,2023-09-28,11.2,11.3,10.0,11.0
4170,2023-09-27,10.8,10.8,10.8,10.8
4169,2023-09-26,10.8,10.8,10.8,10.8
4168,2023-09-25,10.0,11.0,10.0,11.0
4167,2023-09-22,10.7,10.7,10.7,10.7
4166,2023-09-21,10.1,10.1,10.1,10.1
4165,2023-09-20,10.0,10.1,10.0,10.1
4164,2023-09-19,10.4,10.4,9.5,9.5
4163,2023-09-18,10.0,10.0,9.5,9.5
4162,2023-09-15,10.9,10.9,10.1,10.1
4161,2023-09-14,11.6,11.6,9.9,9.9
4160,2023-09-13,11.7,11.7,11.1,11.7
4159,2023-09-12,11.2,12.5,11.2,11.5
4158,2023-09-11,11.8,11.8,10.8,11.1
4157,2023-09-08,12.7,12.7,12.7,12.7
4156,2023-09-07,13.0,13.0,12.3,12.4
4155,2023-09-06,13.2,13.2,13.0,13.0
4154,2023-09-05,11.9,12.1,11.9,11.9
4153,2023-08-31,12.7,12.7,12.7,12.7
4152,2023-08-30,12.6,12.7,12.6,12.7
4151,2023-08-29,13.0,13.0,11.8,12.4
4150,2023-08-28,12.9,12.9,11.8,12.0
4149,2023-08-25,14.0,14.0,12.8,12.8
4148,2023-08-24,12.8,13.7,12.6,12.8
4147,2023-08-23,13.0,13.0,12.7,12.7
4146,2023-08-22,14.1,14.1,12.7,13.5
4145,2023-08-21,12.9,14.2,12.9,14.0
4144,2023-08-18,12.7,12.8,12.0,12.0
4143,2023-08-17,13.2,13.2,12.8,12.9
4142,2023-08-16,12.6,13.6,12.6,12.7
4141,2023-08-15,13.7,13.7,12.7,13.0
4140,2023-08-14,13.8,13.8,13.5,13.7
4139,2023-08-11,12.6,13.5,12.6,13.5
4138,2023-08-10,13.1,13.1,12.5,12.5
4137,2023-08-09,13.5,14.2,12.6,12.6
4136,2023-08-08,14.2,15.5,12.0,14.4
4135,2023-08-07,13.5,13.5,13.5,13.5
4134,2023-08-04,11.8,11.8,11.8,11.8
4133,2023-08-03,10.3,10.3,10.3,10.3
4132,2023-08-02,9.0,9.0,9.0,9.0
4131,2023-08-01,6.8,8.0,6.8,8.0
4130,2023-07-31,7.0,7.0,7.0,7.0
4129,2023-07-28,7.0,7.0,7.0,7.0
4128,2023-07-27,7.0,7.0,7.0,7.0
4127,2023-07-26,7.0,7.0,7.0,7.0
4126,2023-07-25,7.0,7.0,7.0,7.0
4125,2023-07-24,7.0,7.0,7.0,7.0
4124,2023-07-21,7.0,7.0,7.0,7.0
4123,2023-07-20,7.0,7.0,7.0,7.0
4122,2023-07-19,7.0,7.0,7.0,7.0
4121,2023-07-18,7.5,7.5,7.5,7.5
4120,2023-07-17,7.5,7.5,7.5,7.5
4119,2023-07-14,7.6,7.6,7.6,7.6
4118,2023-07-13,7.4,7.4,7.0,7.0
4117,2023-07-12,7.5,7.5,7.5,7.5
4116,2023-07-11,7.0,7.0,7.0,7.0
4115,2023-07-10,6.5,7.5,6.4,7.5
4114,2023-07-07,7.1,7.1,7.1,7.1
4113,2023-07-06,7.1,7.1,7.1,7.1
4112,2023-07-05,6.8,7.6,6.8,7.6
4111,2023-07-04,8.0,8.0,8.0,8.0
4110,2023-07-03,8.0,8.0,8.0,8.0
4109,2023-06-30,8.0,8.0,8.0,8.0
4108,2023-06-29,8.0,8.0,8.0,8.0
4107,2023-06-28,8.0,8.0,8.0,8.0
4106,2023-06-27,8.0,8.0,8.0,8.0
4105,2023-06-26,8.0,8.0,8.0,8.0
4104,2023-06-23,7.5,7.5,7.5,7.5
4103,2023-06-22,8.5,8.5,8.5,8.5
4102,2023-06-21,8.5,8.5,8.5,8.5
4101,2023-06-20,7.6,7.6,7.6,7.6
4100,2023-06-19,7.6,7.6,7.6,7.6
4099,2023-06-16,7.6,7.6,7.6,7.6
4098,2023-06-15,7.9,7.9,7.0,7.7
4097,2023-06-14,7.1,7.1,6.6,7.0
4096,2023-06-13,6.2,6.8,6.2,6.8
4095,2023-06-12,6.0,6.1,6.0,6.0
4094,2023-06-09,6.2,6.2,6.2,6.2
4093,2023-06-08,6.3,6.3,6.0,6.0
4092,2023-06-07,5.3,6.6,5.3,6.0
4091,2023-06-06,6.2,6.2,6.2,6.2
4090,2023-06-05,6.2,6.2,6.2,6.2
4089,2023-06-02,6.2,6.2,6.2,6.2
4088,2023-06-01,6.1,6.1,6.1,6.1
4087,2023-05-31,6.2,6.2,6.2,6.2
4086,2023-05-30,6.2,6.2,6.2,6.2
4085,2023-05-29,6.0,6.4,5.8,5.8
4084,2023-05-26,5.6,5.6,5.6,5.6
4083,2023-05-25,5.6,5.6,5.6,5.6
4082,2023-05-24,5.6,5.6,5.6,5.6
4081,2023-05-23,5.8,5.8,5.8,5.8
4080,2023-05-22,5.8,5.8,5.8,5.8
4079,2023-05-19,5.9,5.9,5.9,5.9
4078,2023-05-18,5.3,6.0,5.3,6.0
4077,2023-05-17,6.0,6.0,6.0,6.0
4076,2023-05-16,6.0,6.0,6.0,6.0
4075,2023-05-15,5.4,6.2,5.4,6.2
4074,2023-05-12,6.0,6.0,6.0,6.0
4073,2023-05-11,5.9,6.2,5.2,6.2
4072,2023-05-10,5.9,5.9,5.9,5.9
4071,2023-05-09,5.9,5.9,5.9,5.9
4070,2023-05-08,6.2,6.2,6.2,6.2
4069,2023-05-05,7.1,7.1,7.0,7.0
4068,2023-05-04,6.2,7.1,6.2,7.1
4067,2023-04-28,6.7,6.7,6.7,6.7
4066,2023-04-27,6.7,6.7,6.7,6.7
4065,2023-04-26,6.7,6.7,6.7,6.7
4064,2023-04-25,6.7,6.7,6.7,6.7
4063,2023-04-24,6.7,6.7,6.7,6.7
4062,2023-04-21,7.1,7.1,7.1,7.1
4061,2023-04-20,7.1,7.1,7.1,7.1
4060,2023-04-19,7.1,7.1,7.1,7.1
4059,2023-04-18,7.1,7.1,7.1,7.1
4058,2023-04-17,7.1,7.1,7.1,7.1
4057,2023-04-14,7.1,7.1,7.1,7.1
4056,2023-04-13,7.1,7.1,7.1,7.1
4055,2023-04-12,7.1,7.1,7.1,7.1
4054,2023-04-11,6.7,6.7,6.7,6.7
4053,2023-04-10,7.3,7.3,7.3,7.3
4052,2023-04-07,7.3,7.3,7.3,7.3
4051,2023-04-06,7.3,7.3,7.3,7.3
4050,2023-04-05,7.0,7.0,7.0,7.0
4049,2023-04-04,6.6,7.0,6.6,7.0
4048,2023-04-03,6.7,6.7,6.7,6.7
4047,2023-03-31,6.3,6.3,6.3,6.3
4046,2023-03-30,6.3,6.3,6.3,6.3
4045,2023-03-29,7.1,7.1,7.1,7.1
4044,2023-03-28,7.1,7.1,7.1,7.1
4043,2023-03-27,7.1,7.1,7.1,7.1
4042,2023-03-24,7.1,7.1,7.1,7.1
4041,2023-03-23,6.3,6.7,6.3,6.7
4040,2023-03-22,7.4,7.4,7.4,7.4
4039,2023-03-21,7.4,7.4,7.4,7.4
4038,2023-03-20,7.4,7.4,7.4,7.4
4037,2023-03-17,7.4,7.4,7.4,7.4
4036,2023-03-16,7.4,7.4,7.4,7.4
4035,2023-03-15,6.8,6.8,6.8,6.8
4034,2023-03-14,6.8,6.8,6.8,6.8
4033,2023-03-13,6.8,6.8,6.8,6.8
4032,2023-03-10,6.8,6.8,6.8,6.8
4031,2023-03-09,6.8,6.8,6.8,6.8
4030,2023-03-08,6.8,6.8,6.8,6.8
4029,2023-03-07,6.8,6.8,6.8,6.8
4028,2023-03-06,5.9,6.0,5.9,6.0
4027,2023-03-03,6.9,6.9,6.9,6.9
4026,2023-03-02,6.9,6.9,6.9,6.9
4025,2023-03-01,6.9,6.9,6.9,6.9
4024,2023-02-28,6.9,6.9,6.9,6.9
4023,2023-02-27,6.9,6.9,6.9,6.9
4022,2023-02-24,6.9,6.9,6.9,6.9
4021,2023-02-23,6.9,6.9,6.9,6.9
4020,2023-02-22,6.9,6.9,6.9,6.9
4019,2023-02-21,6.8,6.8,6.8,6.8
4018,2023-02-20,6.8,6.8,6.8,6.8
4017,2023-02-17,6.8,6.8,6.8,6.8
4016,2023-02-16,6.8,6.9,6.8,6.8
4015,2023-02-15,6.9,6.9,6.9,6.9
4014,2023-02-14,6.9,6.9,6.9,6.9
4013,2023-02-13,6.9,6.9,6.9,6.9
4012,2023-02-10,6.4,7.1,6.4,7.1
4011,2023-02-09,6.3,6.3,6.2,6.3
4010,2023-02-08,7.2,7.2,7.2,7.2
4009,2023-02-07,7.2,7.2,7.2,7.2
4008,2023-02-06,7.2,7.2,7.2,7.2
4007,2023-02-03,7.2,7.2,7.2,7.2
4006,2023-02-02,7.2,7.2,7.2,7.2
4005,2023-02-01,7.2,7.2,7.2,7.2
4004,2023-01-31,7.4,7.4,7.4,7.4
4003,2023-01-30,7.4,7.4,7.4,7.4
4002,2023-01-27,7.6,7.6,7.6,7.6
4001,2023-01-19,7.7,7.7,7.6,7.6
4000,2023-01-18,6.9,6.9,6.9,6.9
3999,2023-01-17,6.8,6.8,6.8,6.8
3998,2023-01-16,7.9,7.9,7.9,7.9
3997,2023-01-13,7.9,7.9,7.9,7.9
3996,2023-01-12,7.9,7.9,7.9,7.9
3995,2023-01-11,7.9,7.9,7.9,7.9
3994,2023-01-10,7.9,7.9,7.9,7.9
3993,2023-01-09,7.9,7.9,7.9,7.9
3992,2023-01-06,7.9,7.9,7.9,7.9
3991,2023-01-05,7.9,7.9,7.9,7.9
3990,2023-01-04,7.9,7.9,7.9,7.9
3989,2023-01-03,7.9,7.9,7.9,7.9
3988,2022-12-30,7.9,7.9,7.9,7.9
3987,2022-12-29,8.0,8.0,8.0,8.0
3986,2022-12-28,8.0,8.0,8.0,8.0
3985,2022-12-27,7.1,7.1,7.1,7.1
3984,2022-12-26,7.0,7.0,7.0,7.0
3983,2022-12-23,6.8,6.8,6.8,6.8
3982,2022-12-22,6.8,6.8,6.8,6.8
3981,2022-12-21,6.8,6.8,6.8,6.8
3980,2022-12-20,6.8,6.8,6.8,6.8
3979,2022-12-19,7.4,7.4,7.4,7.4
3978,2022-12-16,7.4,7.4,7.4,7.4
3977,2022-12-15,7.4,7.4,7.4,7.4
3976,2022-12-14,7.4,7.4,7.4,7.4
3975,2022-12-13,7.4,7.4,7.4,7.4
3974,2022-12-12,7.4,7.4,7.4,7.4
3973,2022-12-09,7.4,7.4,7.4,7.4
3972,2022-12-08,6.9,6.9,6.9,6.9
3971,2022-12-07,6.9,6.9,6.9,6.9
3970,2022-12-06,6.9,6.9,6.9,6.9
3969,2022-12-05,8.1,8.1,8.1,8.1
3968,2022-12-02,7.4,7.4,7.4,7.4
3967,2022-12-01,7.0,7.0,7.0,7.0
3966,2022-11-30,7.0,7.0,7.0,7.0
3965,2022-11-29,6.6,6.6,6.6,6.6
3964,2022-11-28,6.6,6.6,6.6,6.6
3963,2022-11-25,6.6,6.6,6.6,6.6
3962,2022-11-24,6.6,6.6,6.6,6.6
3961,2022-11-23,6.6,6.6,6.6,6.6
3960,2022-11-22,6.6,6.6,6.6,6.6
3959,2022-11-21,6.2,6.8,6.2,6.8
3958,2022-11-18,5.9,6.8,5.9,6.8
3957,2022-11-17,6.4,6.4,6.4,6.4
3956,2022-11-16,6.3,6.3,6.3,6.3
3955,2022-11-15,6.3,6.3,6.3,6.3
3954,2022-11-14,6.3,6.3,6.3,6.3
3953,2022-11-11,6.3,6.3,6.3,6.3
3952,2022-11-10,6.3,6.3,6.3,6.3
3951,2022-11-09,7.4,7.4,7.4,7.4
3950,2022-11-08,7.4,7.4,7.4,7.4
3949,2022-11-07,7.4,7.4,7.4,7.4
3948,2022-11-04,7.4,7.4,7.4,7.4
3947,2022-11-03,7.4,7.4,7.4,7.4
3946,2022-11-02,7.4,7.4,7.4,7.4
3945,2022-11-01,7.4,7.4,7.4,7.4
3944,2022-10-31,7.4,7.4,7.4,7.4
3943,2022-10-28,7.4,7.4,7.4,7.4
3942,2022-10-27,6.9,6.9,6.8,6.8
3941,2022-10-26,6.5,6.5,6.4,6.4
3940,2022-10-25,6.0,6.0,6.0,6.0
3939,2022-10-24,6.0,6.0,6.0,6.0
3938,2022-10-21,6.4,6.4,6.4,6.4
3937,2022-10-20,6.5,6.5,6.5,6.5
3936,2022-10-19,6.5,6.5,6.5,6.5
3935,2022-10-18,6.5,6.5,6.5,6.5
3934,2022-10-17,6.0,6.0,6.0,6.0
3933,2022-10-14,6.0,6.0,6.0,6.0
3932,2022-10-13,6.0,6.0,6.0,6.0
3931,2022-10-12,6.0,6.0,6.0,6.0
3930,2022-10-11,6.0,6.0,6.0,6.0
3929,2022-10-10,6.7,6.7,6.7,6.7
3928,2022-10-07,6.7,6.7,6.7,6.7
3927,2022-10-06,6.7,6.7,6.7,6.7
3926,2022-10-05,6.5,6.8,6.5,6.8
3925,2022-10-04,6.8,6.8,6.8,6.8
3924,2022-10-03,6.8,6.8,6.8,6.8
3923,2022-09-30,6.8,6.8,6.8,6.8
3922,2022-09-29,6.8,6.8,6.8,6.8
3921,2022-09-28,7.0,7.0,7.0,7.0
3920,2022-09-27,7.0,7.0,7.0,7.0
3919,2022-09-26,7.0,7.0,7.0,7.0
3918,2022-09-23,7.0,7.0,7.0,7.0
3917,2022-09-22,7.0,7.0,7.0,7.0
3916,2022-09-21,7.0,7.0,7.0,7.0
3915,2022-09-20,7.0,7.0,7.0,7.0
3914,2022-09-19,7.0,7.0,7.0,7.0
3913,2022-09-16,7.0,7.0,7.0,7.0
3912,2022-09-15,7.0,7.0,7.0,7.0
3911,2022-09-14,6.6,6.6,6.6,6.6
3910,2022-09-13,6.6,6.6,6.6,6.6
3909,2022-09-12,6.6,6.6,6.6,6.6
3908,2022-09-09,6.6,6.6,6.6,6.6
3907,2022-09-08,6.6,6.6,6.6,6.6
3906,2022-09-07,6.6,6.6,6.6,6.6
3905,2022-09-06,6.6,6.6,6.6,6.6
3904,2022-09-05,6.6,6.6,6.6,6.6
3903,2022-08-31,6.6,6.6,6.6,6.6
3902,2022-08-30,6.1,7.1,6.1,6.6
3901,2022-08-29,6.6,6.6,6.6,6.6
3900,2022-08-26,6.7,6.7,6.6,6.6
3899,2022-08-25,6.7,6.7,6.7,6.7
3898,2022-08-24,6.9,6.9,6.9,6.9
3897,2022-08-23,6.8,7.0,6.8,7.0
3896,2022-08-22,6.8,6.8,6.8,6.8
3895,2022-08-19,6.8,6.8,6.8,6.8
3894,2022-08-18,6.8,6.8,6.8,6.8
3893,2022-08-17,7.2,7.2,7.2,7.2
3892,2022-08-16,7.2,7.2,7.2,7.2
3891,2022-08-15,7.2,7.2,7.2,7.2
3890,2022-08-12,7.2,7.2,7.2,7.2
3889,2022-08-11,7.2,7.2,7.2,7.2
3888,2022-08-10,7.2,7.2,7.2,7.2
3887,2022-08-09,6.7,7.5,6.7,7.5
3886,2022-08-08,7.8,7.8,7.8,7.8
3885,2022-08-05,7.8,7.8,7.8,7.8
3884,2022-08-04,7.8,7.8,7.8,7.8
3883,2022-08-03,7.8,7.8,7.8,7.8
3882,2022-08-02,7.8,7.8,7.8,7.8
3881,2022-08-01,7.8,7.8,7.8,7.8
3880,2022-07-29,6.8,6.8,6.8,6.8
3879,2022-07-28,6.8,6.8,6.8,6.8
3878,2022-07-27,6.8,6.8,6.8,6.8
3877,2022-07-26,6.8,6.8,6.8,6.8
3876,2022-07-25,6.8,6.8,6.8,6.8
3875,2022-07-22,6.8,6.8,6.8,6.8
3874,2022-07-21,7.8,7.8,7.8,7.8
3873,2022-07-20,7.8,7.8,7.8,7.8
3872,2022-07-19,7.8,7.8,7.8,7.8
3871,2022-07-18,6.9,6.9,6.9,6.9
3870,2022-07-15,6.5,7.1,6.5,7.1
3869,2022-07-14,6.9,6.9,6.9,6.9
3868,2022-07-13,6.9,6.9,6.9,6.9
3867,2022-07-12,6.2,6.5,6.2,6.5
3866,2022-07-11,6.2,6.2,6.2,6.2
3865,2022-07-08,6.2,6.2,6.2,6.2
3864,2022-07-07,6.6,6.6,6.6,6.6
3863,2022-07-06,5.8,6.9,5.6,6.8
3862,2022-07-05,5.7,6.5,5.6,6.5
3861,2022-07-04,6.5,6.5,6.5,6.5
3860,2022-07-01,6.7,6.7,6.7,6.7
3859,2022-06-30,7.1,7.1,6.5,6.5
3858,2022-06-29,6.4,6.4,6.4,6.4
3857,2022-06-28,6.4,6.4,6.4,6.4
3856,2022-06-27,6.4,6.4,6.3,6.3
3855,2022-06-24,7.0,7.0,7.0,7.0
3854,2022-06-23,7.0,7.1,7.0,7.1
3853,2022-06-22,6.4,6.4,6.4,6.4
3852,2022-06-21,5.5,6.7,5.5,6.7
3851,2022-06-20,6.2,6.2,6.2,6.2
3850,2022-06-17,5.9,6.4,5.9,6.4
3849,2022-06-16,6.6,6.6,6.6,6.6
3848,2022-06-15,6.8,6.8,6.8,6.8
3847,2022-06-14,6.8,6.8,6.8,6.8
3846,2022-06-13,6.8,6.8,6.8,6.8
3845,2022-06-10,6.8,6.8,6.8,6.8
3844,2022-06-09,6.9,7.4,6.8,6.8
3843,2022-06-08,7.0,7.0,7.0,7.0
3842,2022-06-07,7.0,7.0,7.0,7.0
3841,2022-06-06,7.9,7.9,7.9,7.9
3840,2022-06-03,7.2,7.2,7.2,7.2
3839,2022-06-02,7.3,7.3,7.0,7.3
3838,2022-06-01,7.4,7.4,7.4,7.4
3837,2022-05-31,7.4,7.4,7.4,7.4
3836,2022-05-30,7.4,7.4,7.4,7.4
3835,2022-05-27,7.4,7.4,7.4,7.4
3834,2022-05-26,8.1,8.1,8.1,8.1
3833,2022-05-25,7.5,7.5,7.5,7.5
3832,2022-05-24,7.3,7.3,7.3,7.3
3831,2022-05-23,7.3,7.3,7.3,7.3
3830,2022-05-20,7.7,7.7,7.7,7.7
3829,2022-05-19,7.8,7.8,7.7,7.7
3828,2022-05-18,7.3,7.3,7.3,7.3
3827,2022-05-17,7.3,7.3,7.3,7.3
3826,2022-05-16,7.3,7.3,7.2,7.2
3825,2022-05-13,7.5,7.5,7.2,7.2
3824,2022-05-12,7.5,7.5,7.5,7.5
3823,2022-05-11,8.1,8.1,8.1,8.1
3822,2022-05-10,8.5,8.5,8.0,8.0
3821,2022-05-09,8.0,8.0,7.6,7.6
3820,2022-05-06,8.6,8.7,8.4,8.4
3819,2022-05-05,8.7,8.7,8.7,8.7
3818,2022-05-04,8.5,8.7,8.5,8.7
3817,2022-04-29,6.7,8.5,6.7,8.5
3816,2022-04-28,7.6,7.9,7.6,7.6
3815,2022-04-27,8.0,8.0,7.3,7.3
3814,2022-04-26,7.6,7.6,7.6,7.6
3813,2022-04-25,7.6,7.6,7.6,7.6
3812,2022-04-22,8.3,8.3,6.9,6.9
3811,2022-04-21,8.0,8.0,8.0,8.0
3810,2022-04-20,8.0,8.0,8.0,8.0
3809,2022-04-19,8.0,8.0,8.0,8.0
3808,2022-04-18,8.0,8.3,8.0,8.0
3807,2022-04-15,8.1,8.1,8.0,8.0
3806,2022-04-14,8.1,8.1,8.1,8.1
3805,2022-04-13,8.1,8.1,8.1,8.1
3804,2022-04-12,8.2,8.2,8.0,8.0
3803,2022-04-08,8.4,8.4,8.4,8.4
3802,2022-04-07,8.3,8.4,8.3,8.4
3801,2022-04-06,8.8,9.0,8.8,8.8
3800,2022-04-05,8.7,8.7,8.7,8.7
3799,2022-04-04,8.7,8.7,8.7,8.7
3798,2022-04-01,9.0,9.0,8.5,8.6
3797,2022-03-31,8.9,9.0,8.9,9.0
3796,2022-03-30,8.7,8.7,8.7,8.7
3795,2022-03-29,8.7,9.3,8.7,9.3
3794,2022-03-28,8.8,8.8,8.7,8.7
3793,2022-03-25,8.7,8.7,8.7,8.7
3792,2022-03-24,9.1,9.1,9.1,9.1
3791,2022-03-23,8.6,8.7,8.6,8.7
3790,2022-03-22,8.5,8.9,8.5,8.9
3789,2022-03-21,9.0,9.0,9.0,9.0
3788,2022-03-18,9.0,9.0,9.0,9.0
3787,2022-03-17,9.4,9.6,8.5,8.5
3786,2022-03-16,8.9,9.5,8.9,9.5
3785,2022-03-15,8.8,9.1,8.8,9.1
3784,2022-03-14,8.9,9.7,8.6,9.1
3783,2022-03-11,8.9,8.9,8.9,8.9
3782,2022-03-10,9.5,9.9,9.5,9.7
3781,2022-03-09,10.0,10.0,9.3,9.3
3780,2022-03-08,8.7,9.4,8.7,9.3
3779,2022-03-07,9.5,9.5,9.5,9.5
3778,2022-03-04,9.5,9.5,9.4,9.5
3777,2022-03-03,9.5,9.5,9.4,9.5
3776,2022-03-02,9.5,9.5,9.5,9.5
3775,2022-03-01,9.5,9.5,9.5,9.5
3774,2022-02-28,8.7,8.8,8.6,8.6
3773,2022-02-25,8.1,8.3,8.1,8.3
3772,2022-02-24,8.9,8.9,8.9,8.9
3771,2022-02-23,8.1,8.9,8.1,8.9
3770,2022-02-22,9.3,9.3,8.6,9.0
3769,2022-02-21,9.0,9.0,8.9,8.9
3768,2022-02-18,9.0,9.0,8.0,8.0
3767,2022-02-17,8.0,8.1,8.0,8.0
3766,2022-02-16,9.0,9.0,8.9,8.9
3765,2022-02-15,9.0,9.0,8.9,8.9
3764,2022-02-14,9.1,9.1,9.0,9.0
3763,2022-02-11,9.2,9.2,9.2,9.2
3762,2022-02-10,9.2,9.2,9.2,9.2
3761,2022-02-09,9.2,9.2,9.2,9.2
3760,2022-02-08,9.4,9.4,9.3,9.3
3759,2022-02-07,8.3,8.3,8.3,8.3
3758,2022-01-28,8.3,8.3,8.3,8.3
3757,2022-01-27,8.3,8.3,8.3,8.3
3756,2022-01-26,8.1,8.3,8.1,8.2
3755,2022-01-25,8.8,8.8,8.0,8.0
3754,2022-01-24,9.0,9.0,9.0,9.0
3753,2022-01-21,9.1,9.1,8.8,8.8
3752,2022-01-20,7.9,9.1,7.9,9.1
3751,2022-01-19,9.2,9.2,8.5,8.5
3750,2022-01-18,8.5,9.4,8.5,8.5
3749,2022-01-17,8.4,8.5,8.1,8.5
3748,2022-01-14,8.8,9.1,8.8,9.1
3747,2022-01-13,9.2,9.2,9.0,9.0
3746,2022-01-12,9.0,9.4,9.0,9.2
3745,2022-01-11,8.6,8.6,8.6,8.6
3744,2022-01-10,9.2,9.2,7.7,8.8
3743,2022-01-07,9.2,9.2,8.9,9.2
3742,2022-01-06,9.3,9.3,9.1,9.1
3741,2022-01-05,9.2,9.4,9.2,9.4
3740,2022-01-04,9.5,9.5,9.4,9.4
3739,2021-12-31,9.6,9.6,9.6,9.6
3738,2021-12-30,9.9,9.9,9.9,9.9
3737,2021-12-29,10.0,10.0,9.9,9.9
3736,2021-12-28,9.4,9.4,9.0,9.3
3735,2021-12-27,10.1,10.1,10.0,10.0
3734,2021-12-24,9.9,9.9,9.9,9.9
3733,2021-12-23,9.4,9.9,8.5,9.9
3732,2021-12-22,9.5,10.3,9.4,10.0
3731,2021-12-21,9.7,10.3,9.4,9.6
3730,2021-12-20,9.4,10.0,9.4,10.0
3729,2021-12-17,10.3,10.3,10.1,10.3
3728,2021-12-16,10.5,10.5,10.0,10.4
3727,2021-12-15,10.8,10.8,10.3,10.3
3726,2021-12-14,9.4,9.6,9.4,9.6
3725,2021-12-13,9.3,9.7,9.3,9.5
3724,2021-12-10,9.4,9.6,9.4,9.5
3723,2021-12-09,9.5,9.8,9.5,9.8
3722,2021-12-08,9.2,9.6,9.2,9.5
3721,2021-12-07,9.6,9.9,9.4,9.4
3720,2021-12-06,9.9,10.0,9.4,9.4
3719,2021-12-03,10.3,10.3,10.0,10.0
3718,2021-12-02,10.0,10.5,10.0,10.3
3717,2021-12-01,9.8,10.2,9.7,10.2
3716,2021-11-30,9.9,10.3,9.9,10.3
3715,2021-11-29,9.8,10.0,9.5,9.9
3714,2021-11-26,10.1,10.1,9.9,9.9
3713,2021-11-25,10.2,10.5,9.9,10.0
3712,2021-11-24,10.2,10.4,10.0,10.3
3711,2021-11-23,10.0,10.3,10.0,10.3
3710,2021-11-22,10.9,10.9,10.0,10.0
3709,2021-11-19,11.0,11.2,10.9,10.9
3708,2021-11-18,12.0,12.0,10.8,11.4
3707,2021-11-17,12.0,12.1,12.0,12.0
3706,2021-11-16,11.8,12.3,11.8,11.9
3705,2021-11-15,11.1,11.8,11.1,11.8
3704,2021-11-12,12.3,12.3,10.9,11.0
3703,2021-11-11,10.8,10.8,10.8,10.8
3702,2021-11-10,10.6,10.8,10.3,10.7
3701,2021-11-09,10.4,10.7,10.4,10.6
3700,2021-11-08,10.2,10.7,10.2,10.5
3699,2021-11-05,10.1,10.6,10.0,10.2
3698,2021-11-04,10.2,10.3,10.2,10.3
3697,2021-11-03,10.8,10.8,10.1,10.6
3696,2021-11-02,10.8,11.0,10.5,11.0
3695,2021-11-01,11.0,11.1,10.8,10.8
3694,2021-10-29,11.5,11.5,10.9,11.1
3693,2021-10-28,11.3,11.6,11.3,11.6
3692,2021-10-27,11.0,11.5,11.0,11.5
3691,2021-10-26,10.6,11.3,10.5,11.1
3690,2021-10-25,10.8,10.8,10.5,10.8
3689,2021-10-22,11.0,11.0,10.4,10.9
3688,2021-10-21,11.2,11.7,10.7,11.7
3687,2021-10-20,11.7,11.7,11.3,11.3
3686,2021-10-19,12.3,12.4,11.0,11.5
3685,2021-10-18,11.2,11.7,10.5,11.0
3684,2021-10-15,11.9,11.9,11.8,11.8
3683,2021-10-14,12.0,12.2,12.0,12.0
3682,2021-10-13,11.8,12.2,11.8,12.0
3681,2021-10-12,12.2,12.2,12.2,12.2
3680,2021-10-11,12.3,12.3,12.2,12.3
3679,2021-10-08,11.9,12.7,11.9,12.6
3678,2021-10-07,11.5,11.9,11.5,11.8
3677,2021-10-06,12.0,12.5,11.2,12.0
3676,2021-10-05,12.2,13.6,12.0,13.4
3675,2021-10-04,11.7,12.2,11.7,12.2
3674,2021-10-01,14.6,14.6,13.2,13.2
3673,2021-09-30,15.7,15.7,14.6,14.6
3672,2021-09-29,12.1,13.8,12.0,13.8
3671,2021-09-28,11.6,15.2,11.4,15.2
3670,2021-09-27,12.9,15.1,12.9,13.1
3669,2021-09-24,17.5,17.5,15.0,15.0
3668,2021-09-23,18.0,20.0,15.2,15.6
3667,2021-09-22,17.9,17.9,15.6,17.9
3666,2021-09-21,15.6,15.6,15.6,15.6
3665,2021-09-20,13.6,13.6,13.6,13.6
3664,2021-09-17,11.9,11.9,11.8,11.9
3663,2021-09-16,10.4,10.4,10.4,10.4
3662,2021-09-15,8.5,9.2,8.5,9.2
3661,2021-09-14,8.0,8.3,7.9,8.3
3660,2021-09-13,7.7,8.2,7.7,8.0
3659,2021-09-10,7.9,8.2,7.2,7.2
3658,2021-09-09,7.0,8.1,7.0,7.9
3657,2021-09-08,7.7,7.7,7.7,7.7
3656,2021-09-07,8.2,8.5,8.0,8.0
3655,2021-09-06,7.8,8.3,7.8,8.3
3654,2021-09-01,7.1,8.8,7.0,8.1
3653,2021-08-31,9.0,9.0,7.6,8.0
3652,2021-08-30,7.9,8.0,7.9,8.0
3651,2021-08-27,6.9,7.0,6.9,7.0
3650,2021-08-26,6.0,6.9,6.0,6.9
3649,2021-08-25,5.9,6.0,5.9,5.9
3648,2021-08-24,6.3,6.3,6.0,6.0
3647,2021-08-23,6.0,6.0,5.6,5.6
3646,2021-08-20,7.1,7.1,6.1,6.1
3645,2021-08-19,6.2,7.2,6.2,7.2
3644,2021-08-18,8.3,8.3,6.4,7.2
3643,2021-08-17,7.7,7.7,6.7,7.0
3642,2021-08-16,7.7,7.7,7.4,7.7
3641,2021-08-13,8.8,8.8,7.6,7.8
3640,2021-08-12,7.7,7.7,7.6,7.7
3639,2021-08-11,6.5,6.9,6.5,6.9
3638,2021-08-10,5.5,6.0,5.5,6.0
3637,2021-08-09,5.3,5.5,5.3,5.5
3636,2021-08-06,5.2,5.3,5.2,5.3
3635,2021-08-05,6.0,6.2,6.2,6.2
3634,2021-08-04,6.0,6.2,6.2,6.2
3633,2021-08-03,6.0,6.2,5.9,6.2
3632,2021-08-02,5.6,5.6,5.3,5.6
3631,2021-07-30,5.3,5.3,5.3,5.3
3630,2021-07-29,5.0,5.0,5.0,5.0
3629,2021-07-28,4.8,5.0,4.8,5.0
3628,2021-07-27,5.0,5.0,5.0,5.0
3627,2021-07-26,4.9,5.0,4.9,5.0
3626,2021-07-23,4.4,4.4,4.4,4.4
3625,2021-07-22,4.4,4.4,4.4,4.4
3624,2021-07-21,5.0,5.0,4.6,4.6
3623,2021-07-20,5.2,5.2,5.2,5.2
3622,2021-07-19,5.2,5.9,5.2,5.9
3621,2021-07-16,5.2,5.2,5.2,5.2
3620,2021-07-15,5.2,5.2,5.2,5.2
3619,2021-07-14,5.2,5.2,5.2,5.2
3618,2021-07-13,5.2,5.2,5.2,5.2
3617,2021-07-12,4.6,4.6,4.6,4.6
3616,2021-07-09,4.6,4.6,4.6,4.6
3615,2021-07-08,4.6,4.6,4.6,4.6
3614,2021-07-07,4.6,4.6,4.6,4.6
3613,2021-07-06,4.6,4.7,4.6,4.6
3612,2021-07-05,4.6,4.6,4.6,4.6
3611,2021-07-02,5.1,5.1,4.5,4.6
3610,2021-07-01,5.1,5.0,5.0,5.0
3609,2021-06-30,5.1,5.1,5.0,5.0
3608,2021-06-29,5.5,5.5,5.0,5.0
3607,2021-06-28,6.1,6.1,5.5,5.8
3606,2021-06-25,5.4,5.5,5.3,5.4
3605,2021-06-24,5.3,5.3,4.7,4.7
3604,2021-06-23,4.9,5.0,4.6,5.0
3603,2021-06-22,4.5,5.0,4.5,4.5
3602,2021-06-21,4.9,5.4,4.9,5.0
3601,2021-06-18,5.4,5.4,5.0,5.0
3600,2021-06-17,4.7,5.4,4.7,5.4
3599,2021-06-16,5.0,5.3,5.0,5.3
3598,2021-06-15,5.0,5.5,5.0,5.5
3597,2021-06-14,4.8,4.9,4.8,4.9
3596,2021-06-11,4.8,4.8,4.8,4.8
3595,2021-06-10,4.6,4.8,4.6,4.8
3594,2021-06-09,4.7,4.6,4.6,4.6
3593,2021-06-08,4.8,4.8,4.6,4.6
3592,2021-06-07,4.8,4.8,4.8,4.8
3591,2021-06-04,4.8,5.1,5.1,5.1
3590,2021-06-03,4.5,5.1,4.5,5.1
3589,2021-06-02,4.7,4.7,4.7,4.7
3588,2021-06-01,4.7,4.7,4.7,4.7
3587,2021-05-31,4.7,4.7,4.7,4.7
3586,2021-05-28,4.7,4.7,4.7,4.7
3585,2021-05-27,5.0,5.0,4.6,4.6
3584,2021-05-26,4.8,5.3,4.8,5.1
3583,2021-05-25,4.6,5.4,4.6,5.4
3582,2021-05-24,5.3,5.3,5.3,5.3
3581,2021-05-21,4.9,4.9,4.9,4.9
3580,2021-05-20,4.7,4.7,4.7,4.7
3579,2021-05-19,4.2,4.4,4.2,4.4
3578,2021-05-18,4.4,4.9,4.4,4.9
3577,2021-05-17,4.2,5.4,4.2,5.4
3576,2021-05-14,4.3,4.9,4.3,4.9
3575,2021-05-13,4.0,4.6,4.0,4.6
3574,2021-05-12,4.0,4.0,4.0,4.0
3573,2021-05-11,4.0,4.0,4.0,4.0
3572,2021-05-10,4.3,4.3,4.2,4.3
3571,2021-05-07,4.9,4.9,4.9,4.9
3570,2021-05-06,4.3,4.9,4.3,4.9
3569,2021-05-05,4.6,4.6,4.2,4.2
3568,2021-05-04,4.7,4.7,4.5,4.7
3567,2021-04-29,5.2,5.2,5.2,5.2
3566,2021-04-28,5.2,5.2,5.2,5.2
3565,2021-04-27,4.9,4.9,4.9,4.9
3564,2021-04-26,4.9,4.9,4.9,4.9
3563,2021-04-23,5.0,5.0,4.4,4.5
3562,2021-04-22,5.4,5.4,4.8,4.8
3561,2021-04-20,5.4,5.4,5.3,5.3
3560,2021-04-19,5.6,5.6,4.7,5.4
3559,2021-04-16,4.9,5.5,4.9,5.5
3558,2021-04-15,5.2,5.2,4.8,4.8
3557,2021-04-14,5.0,5.3,5.0,5.0
3556,2021-04-13,5.7,5.7,5.0,5.0
3555,2021-04-12,5.2,5.2,5.0,5.2
3554,2021-04-09,5.2,5.2,5.2,5.2
3553,2021-04-08,5.3,5.3,4.9,5.1
3552,2021-04-07,5.1,5.1,5.1,5.1
3551,2021-04-06,5.2,5.2,5.0,5.0
3550,2021-04-05,5.5,5.5,5.0,5.3
3549,2021-04-02,5.0,5.0,5.0,5.0
3548,2021-04-01,5.3,5.3,5.3,5.3
3547,2021-03-31,5.4,5.4,4.8,4.9
3546,2021-03-30,5.0,5.0,4.8,4.8
3545,2021-03-29,4.6,5.2,4.6,5.1
3544,2021-03-26,4.6,4.6,4.6,4.6
3543,2021-03-25,4.8,5.0,4.6,4.6
3542,2021-03-24,4.7,4.7,4.7,4.7
3541,2021-03-23,5.1,5.3,5.1,5.3
3540,2021-03-22,5.3,5.3,5.3,5.3
3539,2021-03-19,5.4,5.4,5.2,5.2
3538,2021-03-18,5.2,5.4,5.2,5.2
3537,2021-03-17,5.0,5.0,5.0,5.0
3536,2021-03-16,5.4,5.4,5.0,5.0
3535,2021-03-15,4.8,4.8,4.8,4.8
3534,2021-03-12,4.8,5.0,4.8,5.0
3533,2021-03-11,4.9,4.8,4.8,4.8
3532,2021-03-10,4.6,5.0,4.6,4.8
3531,2021-03-09,4.6,5.0,5.0,5.0
3530,2021-03-08,4.6,5.0,4.6,5.0
3529,2021-03-05,4.6,4.6,4.6,4.6
3528,2021-03-04,5.3,5.3,4.3,4.6
3527,2021-03-03,4.8,5.0,4.6,4.8
3526,2021-03-02,4.4,4.4,4.4,4.4
3525,2021-03-01,4.2,4.3,4.2,4.3
3524,2021-02-26,3.7,4.2,3.7,4.2
3523,2021-02-25,3.7,3.7,3.7,3.7
3522,2021-02-24,3.2,3.5,3.2,3.5
3521,2021-02-23,3.5,3.5,3.5,3.5
3520,2021-02-22,3.5,3.5,3.5,3.5
3519,2021-02-19,3.9,3.9,3.9,3.9
3518,2021-02-18,3.9,3.9,3.9,3.9
3517,2021-02-17,3.9,3.9,3.9,3.9
3516,2021-02-09,3.9,3.9,3.9,3.9
3515,2021-02-08,3.9,3.9,3.9,3.9
3514,2021-02-05,3.9,3.9,3.9,3.9
3513,2021-02-04,3.9,3.9,3.9,3.9
3512,2021-02-03,3.6,3.5,3.5,3.5
3511,2021-02-02,3.7,3.7,3.5,3.5
3510,2021-02-01,3.3,3.3,3.3,3.3
3509,2021-01-29,3.3,3.3,3.3,3.3
3508,2021-01-28,3.5,3.5,3.1,3.3
3507,2021-01-27,3.5,3.5,3.5,3.5
3506,2021-01-26,3.9,3.9,3.9,3.9
3505,2021-01-25,4.5,4.5,4.5,4.5
3504,2021-01-22,4.0,4.3,4.0,4.3
3503,2021-01-21,3.9,3.9,3.9,3.9
3502,2021-01-20,3.9,3.9,3.9,3.9
3501,2021-01-19,3.9,3.9,3.9,3.9
3500,2021-01-18,3.9,3.9,3.9,3.9
3499,2021-01-15,3.9,3.9,3.9,3.9
3498,2021-01-14,3.9,3.9,3.9,3.9
3497,2021-01-13,3.4,3.7,3.7,3.7
3496,2021-01-12,3.3,3.7,3.3,3.7
3495,2021-01-11,3.5,3.6,3.5,3.6
3494,2021-01-08,3.3,3.3,3.2,3.2
3493,2021-01-07,2.8,3.4,2.8,3.4
3492,2021-01-06,3.2,3.2,3.2,3.2
3491,2021-01-05,3.1,3.3,3.1,3.2
3490,2021-01-04,3.4,3.7,3.4,3.7
3489,2020-12-31,3.4,3.9,3.4,3.9
3488,2020-12-30,3.5,3.5,3.1,3.1
3487,2020-12-29,3.1,3.1,3.1,3.1
3486,2020-12-28,2.7,2.7,2.7,2.7
3485,2020-12-25,2.7,2.7,2.7,2.7
3484,2020-12-24,2.7,2.7,2.7,2.7
3483,2020-12-23,2.7,2.7,2.7,2.7
3482,2020-12-22,2.7,2.7,2.7,2.7
3481,2020-12-21,2.7,2.7,2.7,2.7
3480,2020-12-18,2.7,2.7,2.7,2.7
3479,2020-12-17,2.7,2.7,2.7,2.7
3478,2020-12-16,2.7,2.7,2.7,2.7
3477,2020-12-15,2.7,2.7,2.7,2.7
3476,2020-12-14,2.7,2.7,2.7,2.7
3475,2020-12-11,2.7,2.7,2.7,2.7
3474,2020-12-10,2.7,2.7,2.7,2.7
3473,2020-12-09,2.7,2.7,2.7,2.7
3472,2020-12-08,2.7,2.7,2.7,2.7
3471,2020-12-07,2.9,2.8,2.8,2.8
3470,2020-12-04,2.9,2.8,2.8,2.8
3469,2020-12-03,2.9,2.9,2.8,2.8
3468,2020-12-02,2.9,2.9,2.9,2.9
3467,2020-12-01,2.9,2.9,2.9,2.9
3466,2020-11-30,2.9,2.9,2.9,2.9
3465,2020-11-27,2.9,2.9,2.9,2.9
3464,2020-11-26,2.9,2.9,2.9,2.9
3463,2020-11-25,2.9,2.9,2.9,2.9
3462,2020-11-24,2.9,2.9,2.9,2.9
3461,2020-11-23,2.6,2.6,2.6,2.6
3460,2020-11-20,2.6,2.6,2.6,2.6
3459,2020-11-19,2.6,2.6,2.6,2.6
3458,2020-11-18,2.6,2.6,2.6,2.6
3457,2020-11-17,2.6,2.6,2.6,2.6
3456,2020-11-16,2.6,2.6,2.6,2.6
3455,2020-11-13,2.7,2.9,2.4,2.4
3454,2020-11-12,2.6,2.6,2.6,2.6
3453,2020-11-11,2.9,2.9,2.9,2.9
3452,2020-11-10,2.9,2.9,2.9,2.9
3451,2020-11-09,2.9,2.9,2.9,2.9
3450,2020-11-06,2.9,2.9,2.9,2.9
3449,2020-11-05,2.9,2.9,2.9,2.9
3448,2020-11-04,2.9,2.9,2.9,2.9
3447,2020-11-03,2.9,2.9,2.9,2.9
3446,2020-11-02,2.9,2.9,2.9,2.9
3445,2020-10-30,2.6,2.6,2.6,2.6
3444,2020-10-29,2.6,2.6,2.6,2.6
3443,2020-10-28,2.6,2.6,2.6,2.6
3442,2020-10-27,2.6,2.6,2.6,2.6
3441,2020-10-26,2.4,2.4,2.3,2.3
3440,2020-10-23,2.9,2.9,2.6,2.6
3439,2020-10-22,3.0,3.0,3.0,3.0
3438,2020-10-21,3.0,3.0,3.0,3.0
3437,2020-10-20,3.0,3.0,3.0,3.0
3436,2020-10-19,3.0,3.0,3.0,3.0
3435,2020-10-16,3.0,3.0,3.0,3.0
3434,2020-10-15,3.0,3.0,3.0,3.0
3433,2020-10-14,3.0,3.0,3.0,3.0
3432,2020-10-13,3.0,3.0,3.0,3.0
3431,2020-10-12,3.0,3.0,3.0,3.0
3430,2020-10-09,3.0,3.0,3.0,3.0
3429,2020-10-08,3.0,3.0,3.0,3.0
3428,2020-10-07,3.0,3.0,3.0,3.0
3427,2020-10-06,3.0,3.0,3.0,3.0
3426,2020-10-05,3.0,3.0,3.0,3.0
3425,2020-10-02,3.0,3.0,3.0,3.0
3424,2020-10-01,3.0,3.0,3.0,3.0
3423,2020-09-30,3.0,3.0,3.0,3.0
3422,2020-09-29,3.0,3.0,3.0,3.0
3421,2020-09-28,3.0,3.0,3.0,3.0
3420,2020-09-25,3.0,3.0,3.0,3.0
3419,2020-09-24,3.0,3.0,3.0,3.0
3418,2020-09-23,3.0,3.0,3.0,3.0
3417,2020-09-22,3.0,3.0,3.0,3.0
3416,2020-09-21,3.0,3.0,3.0,3.0
3415,2020-09-18,3.0,3.0,3.0,3.0
3414,2020-09-17,2.9,2.9,2.9,2.9
3413,2020-09-16,2.9,2.9,2.9,2.9
3412,2020-09-15,2.6,2.6,2.6,2.6
3411,2020-09-14,3.0,3.0,3.0,3.0
3410,2020-09-11,3.1,3.1,3.1,3.1
3409,2020-09-10,3.2,3.2,3.2,3.2
3408,2020-09-09,3.3,3.3,3.2,3.2
3407,2020-09-08,3.5,3.5,3.5,3.5
3406,2020-09-07,4.0,4.0,4.0,4.0
3405,2020-09-04,4.0,4.0,4.0,4.0
3404,2020-09-03,4.0,4.0,4.0,4.0
3403,2020-09-01,4.0,4.0,4.0,4.0
3402,2020-08-31,4.0,4.0,4.0,4.0
3401,2020-08-28,4.0,4.0,4.0,4.0
3400,2020-08-27,4.0,4.0,4.0,4.0
3399,2020-08-26,3.6,3.6,3.6,3.6
3398,2020-08-25,3.6,3.6,3.6,3.6
3397,2020-08-24,3.6,3.6,3.6,3.6
3396,2020-08-21,3.3,3.3,3.3,3.3
3395,2020-08-20,3.3,3.3,3.3,3.3
3394,2020-08-19,3.9,3.9,2.3,3.9
3393,2020-08-18,3.8,3.8,3.8,3.8
3392,2020-08-17,3.8,3.8,3.8,3.8
3391,2020-08-14,3.8,3.8,3.8,3.8
3390,2020-08-13,3.8,3.8,3.8,3.8
3389,2020-08-12,3.8,3.8,3.8,3.8
3388,2020-08-11,3.8,3.8,3.8,3.8
3387,2020-08-10,3.8,3.8,3.8,3.8
3386,2020-08-07,3.8,3.8,3.8,3.8
3385,2020-08-06,3.8,3.8,3.8,3.8
3384,2020-08-05,3.8,3.8,3.8,3.8
3383,2020-08-04,3.8,3.8,3.8,3.8
3382,2020-08-03,3.8,3.8,3.8,3.8
3381,2020-07-31,3.8,3.8,3.8,3.8
3380,2020-07-30,3.8,3.8,3.8,3.8
3379,2020-07-29,3.8,3.8,3.8,3.8
3378,2020-07-28,3.8,3.8,3.8,3.8
3377,2020-07-27,3.8,3.8,3.8,3.8
3376,2020-07-24,3.8,3.8,3.8,3.8
3375,2020-07-23,3.8,3.8,3.8,3.8
3374,2020-07-22,3.8,3.8,3.8,3.8
3373,2020-07-21,3.8,3.8,3.8,3.8
3372,2020-07-20,3.8,3.8,3.8,3.8
3371,2020-07-17,3.8,3.8,3.8,3.8
3370,2020-07-16,3.8,3.8,3.8,3.8
3369,2020-07-15,3.8,3.8,3.8,3.8
3368,2020-07-14,3.8,3.8,3.8,3.8
3367,2020-07-13,3.8,3.8,3.8,3.8
3366,2020-07-10,3.8,3.8,3.8,3.8
3365,2020-07-09,3.4,3.4,3.4,3.4
3364,2020-07-08,3.4,3.4,3.4,3.8
3363,2020-07-07,3.4,3.8,3.3,3.8
3362,2020-07-06,3.4,3.4,3.4,3.4
3361,2020-07-03,3.4,3.8,3.8,3.8
3360,2020-07-02,3.4,3.8,3.8,3.8
3359,2020-07-01,2.9,3.8,2.9,3.8
3358,2020-06-30,3.4,3.4,3.4,3.4
3357,2020-06-29,3.9,3.9,3.9,3.9
3356,2020-06-26,3.9,3.9,3.9,3.9
3355,2020-06-25,3.9,3.9,3.9,3.9
3354,2020-06-24,3.9,3.9,3.9,3.9
3353,2020-06-23,3.9,3.9,3.9,3.9
3352,2020-06-22,3.9,3.9,3.9,3.9
3351,2020-06-19,3.9,3.9,3.9,3.9
3350,2020-06-18,3.9,3.9,3.9,3.9
3349,2020-06-17,3.9,3.9,3.9,3.9
3348,2020-06-16,3.9,3.9,3.9,3.9
3347,2020-06-15,3.9,3.9,3.9,3.9
3346,2020-06-12,3.9,3.9,3.9,3.9
3345,2020-06-11,3.9,3.9,3.9,3.9
3344,2020-06-10,3.9,3.9,3.9,3.9
3343,2020-06-09,3.9,3.9,3.9,3.9
3342,2020-06-08,3.9,3.9,3.9,3.9
3341,2020-06-05,3.9,3.9,3.9,3.9
3340,2020-06-04,3.9,3.9,3.9,3.9
3339,2020-06-03,3.9,3.9,3.9,3.9
3338,2020-06-02,3.9,3.9,3.9,3.9
3337,2020-06-01,3.6,3.6,3.6,3.6
3336,2020-05-29,3.6,3.6,3.6,3.6
3335,2020-05-28,3.6,3.6,3.6,3.6
3334,2020-05-27,3.6,3.6,3.6,3.6
3333,2020-05-26,3.6,3.6,3.6,3.6
3332,2020-05-25,3.9,3.9,3.9,3.9
3331,2020-05-22,3.9,3.9,3.9,3.9
3330,2020-05-21,3.9,3.9,3.9,3.9
3329,2020-05-20,3.9,3.9,3.9,3.9
3328,2020-05-19,3.9,3.9,3.9,3.9
3327,2020-05-18,3.9,3.9,3.9,3.9
3326,2020-05-15,3.9,3.9,3.9,3.9
3325,2020-05-14,3.9,3.9,3.9,3.9
3324,2020-05-13,3.9,3.9,3.9,3.9
3323,2020-05-12,3.9,3.9,3.9,3.9
3322,2020-05-11,3.9,3.9,3.9,3.9
3321,2020-05-08,3.9,3.9,3.9,3.9
3320,2020-05-07,3.9,3.9,3.9,3.9
3319,2020-05-06,3.9,3.9,3.9,3.9
3318,2020-05-05,3.9,3.9,3.9,3.9
3317,2020-05-04,3.9,3.9,3.9,3.9
3316,2020-04-29,3.9,3.9,3.9,3.9
3315,2020-04-28,3.9,3.9,3.9,3.9
3314,2020-04-27,3.9,3.9,3.9,3.9
3313,2020-04-24,3.9,3.9,3.9,3.9
3312,2020-04-23,3.9,3.9,3.9,3.9
3311,2020-04-22,3.9,3.9,3.9,3.9
3310,2020-04-21,3.9,3.9,3.9,3.9
3309,2020-04-20,3.9,3.9,3.9,3.9
3308,2020-04-17,3.9,3.9,3.9,3.9
3307,2020-04-16,3.9,3.9,3.9,3.9
3306,2020-04-15,3.9,3.9,3.9,3.9
3305,2020-04-14,3.9,3.9,3.9,3.9
3304,2020-04-13,3.9,3.9,3.9,3.9
3303,2020-04-10,3.9,3.9,3.9,3.9
3302,2020-04-09,3.9,3.9,3.9,3.9
3301,2020-04-08,3.9,3.9,3.9,3.9
3300,2020-04-07,3.9,3.9,3.9,3.9
3299,2020-04-06,3.9,3.9,3.9,3.9
3298,2020-04-03,3.9,3.9,3.9,3.9
3297,2020-04-01,3.6,3.6,3.6,3.6
3296,2020-03-31,3.6,3.6,3.6,3.6
3295,2020-03-30,3.6,3.6,3.6,3.6
3294,2020-03-27,3.6,3.6,3.6,3.6
3293,2020-03-26,3.6,3.6,3.6,3.6
3292,2020-03-25,3.6,3.6,3.6,3.6
3291,2020-03-24,3.6,3.6,3.6,3.6
3290,2020-03-23,3.6,3.6,3.6,3.6
3289,2020-03-20,3.6,3.6,3.6,3.6
3288,2020-03-19,3.6,3.6,3.6,3.6
3287,2020-03-18,3.6,3.6,3.6,3.6
3286,2020-03-17,3.6,3.6,3.6,3.6
3285,2020-03-16,3.6,3.6,3.6,3.6
3284,2020-03-13,3.6,3.6,3.6,3.6
3283,2020-03-12,3.6,3.6,3.6,3.6
3282,2020-03-11,3.6,3.6,3.6,3.6
3281,2020-03-10,3.6,3.6,3.6,3.6
3280,2020-03-09,3.6,3.6,3.6,3.6
3279,2020-03-06,3.9,3.9,3.9,3.9
3278,2020-03-05,3.9,3.9,3.9,3.9
3277,2020-03-04,3.9,3.9,3.9,3.9
3276,2020-03-03,3.9,3.9,3.9,3.9
3275,2020-03-02,3.9,3.9,3.9,3.9
3274,2020-02-28,3.9,3.9,3.9,3.9
3273,2020-02-27,3.9,3.9,3.9,3.9
3272,2020-02-26,3.9,3.9,3.9,3.9
3271,2020-02-25,3.9,3.9,3.9,3.9
3270,2020-02-24,3.9,3.9,3.9,3.9
3269,2020-02-21,3.9,3.9,3.9,3.9
3268,2020-02-20,3.9,3.9,3.9,3.9
3267,2020-02-19,3.9,3.9,3.9,3.9
3266,2020-02-18,3.9,3.9,3.9,3.9
3265,2020-02-17,3.9,3.9,3.9,3.9
3264,2020-02-14,3.9,3.9,3.9,3.9
3263,2020-02-13,3.9,3.9,3.9,3.9
3262,2020-02-12,3.9,3.9,3.9,3.9
3261,2020-02-11,3.9,3.9,3.9,3.9
3260,2020-02-10,3.9,3.9,3.9,3.9
3259,2020-02-07,3.9,3.9,3.9,3.9
3258,2020-02-06,3.9,3.9,3.9,3.9
3257,2020-02-05,3.9,3.9,3.9,3.9
3256,2020-02-04,4.4,4.4,4.4,4.4
3255,2020-02-03,4.4,4.4,4.4,4.4
3254,2020-01-31,4.4,4.4,4.4,4.4
3253,2020-01-30,4.4,4.4,4.4,4.4
3252,2020-01-22,4.4,4.4,4.4,4.4
3251,2020-01-21,4.4,4.4,4.4,4.4
3250,2020-01-20,4.4,4.4,4.4,4.4
3249,2020-01-17,4.4,4.4,4.4,4.4
3248,2020-01-16,4.4,4.4,4.4,4.4
3247,2020-01-15,4.4,4.4,4.4,4.4
3246,2020-01-14,4.4,4.4,4.4,4.4
3245,2020-01-13,4.4,4.4,4.4,4.4
3244,2020-01-10,4.4,4.4,4.4,4.4
3243,2020-01-09,4.4,4.4,4.4,4.4
3242,2020-01-08,4.1,4.1,4.1,4.1
3241,2020-01-07,4.1,4.1,4.1,4.1
3240,2020-01-06,4.1,4.1,4.1,4.1
3239,2020-01-03,4.1,4.1,4.1,4.1
3238,2020-01-02,4.1,4.1,4.1,4.1
3237,2019-12-31,4.1,4.1,4.1,4.1
3236,2019-12-30,4.1,4.1,4.1,4.1
3235,2019-12-27,4.1,4.1,4.1,4.1
3234,2019-12-26,4.1,4.1,4.1,4.1
3233,2019-12-25,4.1,4.1,4.1,4.1
3232,2019-12-24,4.1,4.1,4.1,4.1
3231,2019-12-23,4.1,4.1,4.1,4.1
3230,2019-12-20,4.1,4.1,4.1,4.1
3229,2019-12-19,4.1,4.1,4.1,4.1
3228,2019-12-18,4.1,4.1,4.1,4.1
3227,2019-12-17,4.1,4.1,4.1,4.1
3226,2019-12-16,4.1,4.1,4.1,4.1
3225,2019-12-13,4.1,4.1,4.1,4.1
3224,2019-12-12,4.1,4.1,4.1,4.1
3223,2019-12-11,4.1,4.1,4.1,4.1
3222,2019-12-10,4.1,4.1,4.1,4.1
3221,2019-12-09,4.1,4.1,4.1,4.1
3220,2019-12-06,4.1,4.1,4.1,4.1
3219,2019-12-05,4.1,4.1,4.1,4.1
3218,2019-12-04,4.1,4.1,4.1,4.1
3217,2019-12-03,4.1,4.1,4.1,4.1
3216,2019-12-02,4.1,4.1,4.1,4.1
3215,2019-11-29,4.1,4.1,4.1,4.1
3214,2019-11-28,4.2,4.2,4.2,4.2
3213,2019-11-27,4.2,4.2,4.2,4.2
3212,2019-11-26,3.8,3.8,3.8,3.8
3211,2019-11-25,3.8,3.8,3.8,3.8
3210,2019-11-22,3.8,3.8,3.8,3.8
3209,2019-11-21,3.8,3.8,3.8,3.8
3208,2019-11-20,3.8,3.8,3.8,3.8
3207,2019-11-19,3.8,3.8,3.8,3.8
3206,2019-11-18,3.8,3.8,3.8,3.8
3205,2019-11-15,3.8,3.8,3.8,3.8
3204,2019-11-14,3.9,3.9,3.5,3.5
3203,2019-11-13,4.1,4.0,4.0,4.0
3202,2019-11-12,4.1,4.0,4.0,4.0
3201,2019-11-11,4.1,4.0,4.0,4.0
3200,2019-11-08,4.1,4.0,4.0,4.0
3199,2019-11-07,4.1,4.0,4.0,4.0
3198,2019-11-06,4.1,4.0,4.0,4.0
3197,2019-11-05,4.1,4.0,4.0,4.0
3196,2019-11-04,4.1,4.0,4.0,4.0
3195,2019-11-01,4.1,4.0,4.0,4.0
3194,2019-10-31,4.1,4.1,4.1,4.1
3193,2019-10-30,4.1,4.0,4.0,4.0
3192,2019-10-29,4.1,4.0,4.0,4.0
3191,2019-10-28,4.1,4.1,4.0,4.0
3190,2019-10-25,4.5,4.5,4.4,4.4
3189,2019-10-24,4.0,4.0,4.0,4.0
3188,2019-10-23,4.0,4.0,4.0,4.0
3187,2019-10-22,4.0,4.0,4.0,4.0
3186,2019-10-21,4.0,4.0,4.0,4.0
3185,2019-10-18,4.0,4.0,4.0,4.0
3184,2019-10-17,4.0,4.0,4.0,4.0
3183,2019-10-16,4.0,4.0,4.0,4.0
3182,2019-10-15,4.0,4.0,4.0,4.0
3181,2019-10-14,4.1,4.1,4.0,4.0
3180,2019-10-11,4.5,4.5,4.5,4.5
3179,2019-10-10,4.5,4.5,4.5,4.5
3178,2019-10-09,4.5,4.5,4.5,4.5
3177,2019-10-08,4.5,4.5,4.5,4.5
3176,2019-10-07,4.5,4.5,4.5,4.5
3175,2019-10-04,4.5,4.5,4.5,4.5
3174,2019-10-03,4.5,4.5,4.5,4.5
3173,2019-10-02,4.5,4.5,4.5,4.5
3172,2019-10-01,4.5,4.5,4.5,4.5
3171,2019-09-30,4.1,4.1,4.1,4.1
3170,2019-09-27,3.5,4.1,3.5,4.1
3169,2019-09-26,4.0,4.0,4.0,4.0
3168,2019-09-25,4.6,4.6,4.6,4.6
3167,2019-09-24,4.6,4.6,4.6,4.6
3166,2019-09-23,4.3,4.3,4.3,4.3
3165,2019-09-20,3.8,3.8,3.8,3.8
3164,2019-09-19,4.3,4.3,4.3,4.3
3163,2019-09-18,4.3,4.3,4.3,4.3
3162,2019-09-17,4.3,4.3,4.3,4.3
3161,2019-09-16,4.3,4.3,4.3,4.3
3160,2019-09-13,4.3,4.3,4.3,4.3
3159,2019-09-12,4.3,4.3,4.3,4.3
3158,2019-09-11,4.3,4.3,4.3,4.3
3157,2019-09-10,4.3,4.3,4.3,4.3
3156,2019-09-09,4.3,4.3,4.3,4.3
3155,2019-09-06,4.3,4.3,4.3,4.3
3154,2019-09-05,4.3,4.3,4.3,4.3
3153,2019-09-04,4.3,4.3,4.3,4.3
3152,2019-09-03,4.2,4.3,4.2,4.3
3151,2019-08-30,4.2,4.2,4.2,4.2
3150,2019-08-29,4.2,4.2,4.2,4.2
3149,2019-08-28,4.2,4.2,4.2,4.2
3148,2019-08-27,4.2,4.2,4.2,4.2
3147,2019-08-26,4.1,4.1,4.1,4.1
3146,2019-08-23,4.1,4.1,4.1,4.1
3145,2019-08-22,4.7,4.7,4.7,4.7
3144,2019-08-21,4.7,4.7,4.7,4.7
3143,2019-08-20,4.7,4.7,4.7,4.7
3142,2019-08-19,4.7,4.7,4.7,4.7
3141,2019-08-16,4.7,4.7,4.7,4.7
3140,2019-08-15,4.7,4.7,4.7,4.7
3139,2019-08-14,4.7,4.7,4.7,4.7
3138,2019-08-13,4.7,4.7,4.7,4.7
3137,2019-08-12,4.7,4.7,4.7,4.7
3136,2019-08-09,4.7,4.7,4.7,4.7
3135,2019-08-08,4.7,4.7,4.7,4.7
3134,2019-08-07,4.7,4.7,4.7,4.7
3133,2019-08-06,4.7,4.7,4.7,4.7
3132,2019-08-05,4.7,4.7,4.7,4.7
3131,2019-08-02,4.7,4.7,4.7,4.7
3130,2019-08-01,4.7,4.7,4.7,4.7
3129,2019-07-31,4.7,4.7,4.7,4.7
3128,2019-07-30,4.3,4.3,4.3,4.3
3127,2019-07-29,4.3,4.3,4.3,4.3
3126,2019-07-26,4.3,4.3,4.3,4.3
3125,2019-07-25,4.3,4.3,4.3,4.3
3124,2019-07-24,4.3,4.3,4.3,4.3
3123,2019-07-23,3.8,4.4,3.8,4.4
3122,2019-07-22,4.0,4.0,3.8,3.8
3121,2019-07-19,4.3,4.3,4.3,4.3
3120,2019-07-18,4.3,4.3,4.3,4.3
3119,2019-07-17,4.3,4.3,4.3,4.3
3118,2019-07-16,4.3,4.3,4.3,4.3
3117,2019-07-15,4.3,4.3,4.3,4.3
3116,2019-07-12,4.3,4.3,4.3,4.3
3115,2019-07-11,4.3,4.3,4.3,4.3
3114,2019-07-10,4.1,4.1,4.1,4.1
3113,2019-07-09,4.1,4.1,4.1,4.1
3112,2019-07-08,4.1,4.1,4.1,4.1
3111,2019-07-05,3.6,3.8,3.8,3.8
3110,2019-07-04,3.6,3.6,3.6,3.6
3109,2019-07-03,3.6,3.8,3.8,3.8
3108,2019-07-02,3.6,3.8,3.8,3.8
3107,2019-07-01,3.6,3.8,3.8,3.8
3106,2019-06-28,3.6,3.8,3.8,3.8
3105,2019-06-27,3.6,3.8,3.8,3.8
3104,2019-06-26,3.6,3.8,3.8,3.8
3103,2019-06-25,3.6,3.8,3.8,3.8
3102,2019-06-24,3.6,3.8,3.8,3.8
3101,2019-06-21,3.6,3.6,3.6,3.6
3100,2019-06-20,3.6,3.6,3.6,3.6
3099,2019-06-19,3.6,3.8,3.8,3.8
3098,2019-06-18,3.6,3.8,3.8,3.8
3097,2019-06-17,3.5,3.8,3.5,3.8
3096,2019-06-14,4.0,4.0,4.0,4.0
3095,2019-06-13,4.0,4.0,4.0,4.0
3094,2019-06-12,4.0,4.0,4.0,4.0
3093,2019-06-11,4.0,4.0,4.0,4.0
3092,2019-06-10,4.0,4.0,4.0,4.0
3091,2019-06-07,4.0,4.0,4.0,4.0
3090,2019-06-06,4.0,4.0,4.0,4.0
3089,2019-06-05,3.6,3.6,3.6,3.6
3088,2019-06-04,3.6,3.6,3.6,3.6
3087,2019-06-03,3.5,3.5,3.5,3.5
3086,2019-05-31,4.0,4.0,4.0,4.0
3085,2019-05-30,4.0,4.0,4.0,4.0
3084,2019-05-29,4.0,4.0,4.0,4.0
3083,2019-05-28,4.0,4.0,4.0,4.0
3082,2019-05-27,4.0,4.0,4.0,4.0
3081,2019-05-24,4.0,4.0,4.0,4.0
3080,2019-05-23,4.0,4.0,4.0,4.0
3079,2019-05-22,4.0,4.0,4.0,4.0
3078,2019-05-21,4.0,4.0,4.0,4.0
3077,2019-05-20,4.0,4.0,4.0,4.0
3076,2019-05-17,4.0,4.0,4.0,4.0
3075,2019-05-16,4.0,4.0,4.0,4.0
3074,2019-05-15,4.0,4.0,4.0,4.0
3073,2019-05-14,4.0,4.0,4.0,4.0
3072,2019-05-13,4.4,4.4,4.4,4.4
3071,2019-05-10,4.4,4.4,4.4,4.4
3070,2019-05-09,4.4,4.4,4.4,4.4
3069,2019-05-08,4.2,4.3,4.3,4.3
3068,2019-05-07,4.2,4.3,4.3,4.3
3067,2019-05-06,4.2,4.3,4.2,4.3
3066,2019-05-03,4.8,4.8,4.8,4.8
3065,2019-05-02,4.8,4.8,4.8,4.8
3064,2019-04-26,4.8,4.8,4.8,4.8
3063,2019-04-25,4.8,4.8,4.8,4.8
3062,2019-04-24,4.8,4.8,4.8,4.8
3061,2019-04-23,4.8,4.8,4.8,4.8
3060,2019-04-22,4.8,4.8,4.8,4.8
3059,2019-04-19,4.3,4.3,4.3,4.3
3058,2019-04-18,4.3,4.3,4.3,4.3
3057,2019-04-17,3.9,4.1,3.8,4.1
3056,2019-04-16,4.4,4.5,4.5,4.5
3055,2019-04-12,4.4,4.5,4.5,4.5
3054,2019-04-11,4.4,4.5,4.5,4.5
3053,2019-04-10,4.4,4.5,4.5,4.5
3052,2019-04-09,4.4,4.5,4.4,4.5
3051,2019-04-08,4.8,4.8,4.8,4.8
3050,2019-04-05,4.8,4.8,4.8,4.8
3049,2019-04-04,4.8,4.8,4.8,4.8
3048,2019-04-03,4.8,4.8,4.8,4.8
3047,2019-04-02,4.8,4.8,4.8,4.8
3046,2019-04-01,4.8,4.8,4.8,4.8
3045,2019-03-29,4.8,4.8,4.8,4.8
3044,2019-03-28,4.8,4.8,4.8,4.8
3043,2019-03-27,4.8,4.8,4.8,4.8
3042,2019-03-26,4.8,4.8,4.8,4.8
3041,2019-03-25,4.3,4.3,4.3,4.3
3040,2019-03-22,4.3,4.3,4.3,4.3
3039,2019-03-21,4.3,4.3,4.3,4.3
3038,2019-03-20,4.3,4.3,4.3,4.3
3037,2019-03-19,4.3,4.3,4.3,4.3
3036,2019-03-18,4.3,4.3,4.3,4.3
3035,2019-03-15,4.3,4.4,4.3,4.3
3034,2019-03-14,4.3,4.4,4.3,4.4
3033,2019-03-13,4.2,4.3,3.9,4.3
3032,2019-03-12,4.5,4.5,4.5,4.5
3031,2019-03-11,4.7,4.7,4.7,4.7
3030,2019-03-08,4.7,4.7,4.7,4.7
3029,2019-03-07,4.7,4.7,4.7,4.7
3028,2019-03-06,4.7,4.7,4.7,4.7
3027,2019-03-05,4.7,4.7,4.7,4.7
3026,2019-03-04,4.7,4.7,4.7,4.7
3025,2019-03-01,4.7,4.7,4.7,4.7
3024,2019-02-28,4.7,4.7,4.7,4.7
3023,2019-02-27,4.7,4.7,4.7,4.7
3022,2019-02-26,4.7,4.7,4.7,4.7
3021,2019-02-25,4.7,4.7,4.7,4.7
3020,2019-02-22,4.7,4.7,4.7,4.7
3019,2019-02-21,4.7,4.7,4.7,4.7
3018,2019-02-20,4.7,4.7,4.7,4.7
3017,2019-02-19,4.7,4.7,4.7,4.7
3016,2019-02-18,4.5,4.5,4.5,4.5
3015,2019-02-15,4.5,4.5,4.5,4.5
3014,2019-02-14,4.5,4.5,4.5,4.5
3013,2019-02-13,4.5,4.5,4.5,4.5
3012,2019-02-12,4.5,4.5,4.5,4.5
3011,2019-02-11,4.5,4.5,4.5,4.5
3010,2019-02-01,4.5,4.5,4.5,4.5
3009,2019-01-31,4.5,4.5,4.5,4.5
3008,2019-01-30,4.5,4.5,4.5,4.5
3007,2019-01-29,4.5,4.5,4.5,4.5
3006,2019-01-28,4.5,4.5,4.5,4.5
3005,2019-01-25,4.5,4.5,4.5,4.5
3004,2019-01-24,4.5,4.5,4.5,4.5
3003,2019-01-23,4.5,4.5,4.5,4.5
3002,2019-01-22,4.5,4.5,4.5,4.5
3001,2019-01-21,4.5,4.5,4.5,4.5
3000,2019-01-18,4.5,4.5,4.5,4.5
2999,2019-01-17,4.5,4.5,4.5,4.5
2998,2019-01-16,5.1,5.1,5.1,5.1
2997,2019-01-15,5.1,5.1,5.1,5.1
2996,2019-01-14,5.1,5.1,5.1,5.1
2995,2019-01-11,5.1,5.1,5.1,5.1
2994,2019-01-10,5.1,5.1,5.1,5.1
2993,2019-01-09,4.5,4.5,4.5,4.5
2992,2019-01-08,4.5,4.5,4.5,4.5
2991,2019-01-07,4.5,4.5,4.5,4.5
2990,2019-01-04,4.5,4.5,4.5,4.5
2989,2019-01-03,4.5,4.5,4.5,4.5
2988,2019-01-02,4.5,4.5,4.5,4.5
2987,2018-12-28,4.5,4.5,4.5,4.5
2986,2018-12-27,4.5,4.5,4.5,4.5
2985,2018-12-26,4.5,4.5,4.5,4.5
2984,2018-12-25,4.0,4.0,4.0,4.0
2983,2018-12-24,4.0,4.0,4.0,4.0
2982,2018-12-21,4.0,4.0,4.0,4.0
2981,2018-12-20,4.0,4.0,4.0,4.0
2980,2018-12-19,4.0,4.0,4.0,4.0
2979,2018-12-18,4.0,4.0,4.0,4.0
2978,2018-12-17,3.6,3.6,3.6,3.6
2977,2018-12-14,3.6,3.6,3.6,3.6
2976,2018-12-13,3.6,3.6,3.6,3.6
2975,2018-12-12,3.6,3.6,3.6,3.6
2974,2018-12-11,5.1,5.1,3.6,3.6
2973,2018-12-10,6.0,6.0,6.0,6.0
2972,2018-12-07,6.0,6.0,6.0,6.0
2971,2018-12-06,6.0,6.0,6.0,6.0
2970,2018-12-05,6.0,6.0,6.0,6.0
2969,2018-12-04,6.0,6.0,6.0,6.0
2968,2018-12-03,6.0,6.0,6.0,6.0
2967,2018-11-30,6.0,6.0,6.0,6.0
2966,2018-11-29,6.0,6.0,6.0,6.0
2965,2018-11-28,6.0,6.0,6.0,6.0
2964,2018-11-27,6.0,6.0,6.0,6.0
2963,2018-11-26,6.0,6.0,6.0,6.0
2962,2018-11-23,6.0,6.0,6.0,6.0
2961,2018-11-22,6.0,6.0,6.0,6.0
2960,2018-11-21,6.0,6.0,6.0,6.0
2959,2018-11-20,6.0,6.0,6.0,6.0
2958,2018-11-19,6.0,6.0,6.0,6.0
2957,2018-11-16,6.0,6.0,6.0,6.0
2956,2018-11-15,6.0,6.0,6.0,6.0
2955,2018-11-14,6.0,6.0,6.0,6.0
2954,2018-11-13,6.0,6.0,6.0,6.0
2953,2018-11-12,6.0,6.0,6.0,6.0
2952,2018-11-09,6.0,6.0,6.0,6.0
2951,2018-11-08,6.0,6.0,6.0,6.0
2950,2018-11-07,6.0,6.0,6.0,6.0
2949,2018-11-06,6.0,6.0,6.0,6.0
2948,2018-11-05,6.0,6.0,6.0,6.0
2947,2018-11-02,6.0,6.0,6.0,6.0
2946,2018-11-01,6.0,6.0,6.0,6.0
2945,2018-10-31,6.0,6.0,6.0,6.0
2944,2018-10-30,6.0,6.0,6.0,6.0
2943,2018-10-29,6.0,6.0,6.0,6.0
2942,2018-10-26,6.0,6.0,6.0,6.0
2941,2018-10-25,6.0,6.0,6.0,6.0
2940,2018-10-24,6.0,6.0,6.0,6.0
2939,2018-10-23,6.0,6.0,6.0,6.0
2938,2018-10-22,6.0,6.0,6.0,6.0
2937,2018-10-19,6.8,6.8,6.8,6.8
2936,2018-10-18,6.8,6.8,6.8,6.8
2935,2018-10-17,6.0,6.0,6.0,6.0
2934,2018-10-16,6.0,6.0,6.0,6.0
2933,2018-10-15,6.0,6.0,6.0,6.0
2932,2018-10-12,6.0,6.0,6.0,6.0
2931,2018-10-11,6.0,6.0,6.0,6.0
2930,2018-10-10,6.0,6.0,6.0,6.0
2929,2018-10-09,6.0,6.0,6.0,6.0
2928,2018-10-08,6.0,6.0,6.0,6.0
2927,2018-10-05,6.0,6.0,6.0,6.0
2926,2018-10-04,6.0,6.0,6.0,6.0
2925,2018-10-03,6.0,6.0,6.0,6.0
2924,2018-10-02,6.0,6.0,6.0,6.0
2923,2018-10-01,6.0,6.0,6.0,6.0
2922,2018-09-28,6.0,6.0,6.0,6.0
2921,2018-09-27,6.0,6.0,6.0,6.0
2920,2018-09-26,6.0,6.0,6.0,6.0
2919,2018-09-25,6.0,6.0,6.0,6.0
2918,2018-09-24,6.0,6.0,6.0,6.0
2917,2018-09-21,6.0,6.0,6.0,6.0
2916,2018-09-20,5.3,5.3,5.3,5.3
2915,2018-09-19,5.3,5.3,5.3,5.3
2914,2018-09-18,5.3,5.3,5.3,5.3
2913,2018-09-17,6.2,6.2,6.2,6.2
2912,2018-09-14,6.2,6.2,6.2,6.2
2911,2018-09-13,6.2,6.2,6.2,6.2
2910,2018-09-12,6.2,6.2,6.2,6.2
2909,2018-09-11,6.2,6.2,6.2,6.2
2908,2018-09-10,6.2,6.2,6.2,6.2
2907,2018-09-07,6.2,6.2,6.2,6.2
2906,2018-09-06,6.2,6.2,6.2,6.2
2905,2018-09-05,6.2,6.2,6.2,6.2
2904,2018-09-04,6.2,6.2,6.2,6.2
2903,2018-08-31,6.2,6.2,6.2,6.2
2902,2018-08-30,6.2,6.2,6.2,6.2
2901,2018-08-29,6.2,6.2,6.2,6.2
2900,2018-08-28,6.2,6.2,6.2,6.2
2899,2018-08-27,5.8,5.8,5.8,5.8
2898,2018-08-24,5.8,5.8,5.8,5.8
2897,2018-08-23,5.8,5.8,5.8,5.8
2896,2018-08-22,5.1,5.1,5.1,5.1
2895,2018-08-21,5.1,5.1,5.1,5.1
2894,2018-08-20,5.9,5.9,5.9,5.9
2893,2018-08-17,5.9,5.9,5.9,5.9
2892,2018-08-16,5.9,5.9,5.9,5.9
2891,2018-08-15,5.9,5.9,5.9,5.9
2890,2018-08-14,5.8,7.0,5.7,5.7
2889,2018-08-13,6.6,6.6,6.6,6.6
2888,2018-08-10,6.6,6.6,6.6,6.6
2887,2018-08-09,6.8,6.8,6.8,6.8
2886,2018-08-08,6.8,6.8,6.8,6.8
2885,2018-08-07,6.8,6.8,6.8,6.8
2884,2018-08-06,6.0,6.0,6.0,6.0
2883,2018-08-03,6.0,6.0,6.0,6.0
2882,2018-08-02,6.0,6.0,6.0,6.0
2881,2018-08-01,6.0,6.0,6.0,6.0
2880,2018-07-31,6.0,6.0,6.0,6.0
2879,2018-07-30,6.0,6.0,6.0,6.0
2878,2018-07-27,6.0,6.0,6.0,6.0
2877,2018-07-26,6.0,6.0,6.0,6.0
2876,2018-07-25,6.0,6.0,6.0,6.0
2875,2018-07-24,6.0,6.0,6.0,6.0
2874,2018-07-23,6.0,6.0,6.0,6.0
2873,2018-07-20,6.0,6.0,6.0,6.0
2872,2018-07-19,6.8,6.8,6.8,6.8
2871,2018-07-18,7.0,7.0,5.7,5.7
2870,2018-07-17,6.3,6.3,6.3,6.3
2869,2018-07-16,6.3,6.3,6.3,6.3
2868,2018-07-13,6.3,6.3,6.3,6.3
2867,2018-07-12,6.3,6.3,6.3,6.3
2866,2018-07-11,6.3,6.3,6.3,6.3
2865,2018-07-10,6.3,6.3,6.3,6.3
2864,2018-07-09,6.3,6.3,6.3,6.3
2863,2018-07-06,6.3,6.3,6.3,6.3
2862,2018-07-05,5.7,5.7,5.7,5.7
2861,2018-07-04,5.7,5.7,5.7,5.7
2860,2018-07-03,5.7,5.7,5.7,5.7
2859,2018-07-02,5.7,5.7,5.7,5.7
2858,2018-06-29,5.7,5.7,5.7,5.7
2857,2018-06-28,5.0,5.0,5.0,5.0
2856,2018-06-27,4.4,4.4,4.4,4.4
2855,2018-06-26,5.1,5.1,5.1,5.1
2854,2018-06-25,5.1,5.1,5.1,5.1
2853,2018-06-22,5.1,5.1,5.1,5.1
2852,2018-06-21,5.1,5.1,5.1,5.1
2851,2018-06-20,5.1,5.1,5.1,5.1
2850,2018-06-19,5.1,5.1,5.1,5.1
2849,2018-06-18,5.1,5.1,5.1,5.1
2848,2018-06-15,5.1,5.1,5.1,5.1
2847,2018-06-14,5.1,5.1,5.1,5.1
2846,2018-06-13,5.1,5.1,5.1,5.1
2845,2018-06-12,5.1,5.1,5.1,5.1
2844,2018-06-11,5.1,5.1,5.1,5.1
2843,2018-06-08,5.1,5.1,5.1,5.1
2842,2018-06-07,5.1,5.1,5.1,5.1
2841,2018-06-06,5.1,5.1,5.1,5.1
2840,2018-06-05,5.1,5.1,5.1,5.1
2839,2018-06-04,5.1,5.1,5.1,5.1
2838,2018-06-01,5.1,5.1,5.1,5.1
2837,2018-05-31,5.1,5.1,5.1,5.1
2836,2018-05-30,5.1,5.1,5.1,5.1
2835,2018-05-29,5.1,5.1,5.1,5.1
2834,2018-05-28,5.1,5.1,5.1,5.1
2833,2018-05-25,5.1,5.1,5.1,5.1
2832,2018-05-24,5.1,5.1,5.1,5.1
2831,2018-05-23,5.1,5.1,5.1,5.1
2830,2018-05-22,5.1,5.1,5.1,5.1
2829,2018-05-21,5.1,5.1,5.1,5.1
2828,2018-05-18,5.1,5.1,5.1,5.1
2827,2018-05-17,5.0,5.7,5.0,5.7
2826,2018-05-16,5.7,5.7,5.7,5.7
2825,2018-05-15,5.7,5.7,5.7,5.7
2824,2018-05-14,5.7,5.7,5.7,5.7
2823,2018-05-11,5.7,5.7,5.7,5.7
2822,2018-05-10,5.7,5.7,5.7,5.7
2821,2018-05-09,5.7,5.7,5.7,5.7
2820,2018-05-08,5.7,5.7,5.7,5.7
2819,2018-05-07,5.7,5.7,5.7,5.7
2818,2018-05-04,5.7,5.7,5.7,5.7
2817,2018-05-03,5.7,5.7,5.7,5.7
2816,2018-05-02,5.7,5.7,5.7,5.7
2815,2018-04-27,5.7,5.7,5.7,5.7
2814,2018-04-26,5.7,5.7,5.7,5.7
2813,2018-04-24,5.7,5.7,5.7,5.7
2812,2018-04-23,5.7,5.7,5.7,5.7
2811,2018-04-20,5.7,5.7,5.7,5.7
2810,2018-04-19,5.7,5.7,5.7,5.7
2809,2018-04-18,5.7,5.7,5.7,5.7
2808,2018-04-17,5.3,5.3,5.3,5.3
2807,2018-04-16,5.2,5.5,5.2,5.5
2806,2018-04-13,5.2,5.2,5.2,5.2
2805,2018-04-12,5.2,5.2,5.2,5.2
2804,2018-04-11,5.2,5.2,5.2,5.2
2803,2018-04-10,5.2,5.2,5.2,5.2
2802,2018-04-09,5.2,5.2,5.2,5.2
2801,2018-04-06,5.0,5.0,5.0,5.0
2800,2018-04-05,5.0,5.0,5.0,5.0
2799,2018-04-04,5.0,5.0,5.0,5.0
2798,2018-04-03,5.0,5.0,5.0,5.0
2797,2018-04-02,5.0,5.0,5.0,5.0
2796,2018-03-30,5.0,5.0,5.0,5.0
2795,2018-03-29,5.0,5.0,5.0,5.0
2794,2018-03-28,5.0,5.0,5.0,5.0
2793,2018-03-27,4.8,4.8,4.8,4.8
2792,2018-03-26,4.9,4.9,4.8,4.8
2791,2018-03-23,4.9,4.9,4.9,4.9
2790,2018-03-22,4.9,4.9,4.9,4.9
2789,2018-03-21,4.8,4.8,4.8,4.8
2788,2018-03-20,4.8,4.8,4.8,4.8
2787,2018-03-19,4.8,4.8,4.8,4.8
2786,2018-03-16,5.0,5.1,4.6,4.8
2785,2018-03-15,5.3,5.3,5.3,5.3
2784,2018-03-14,5.3,5.3,5.3,5.3
2783,2018-03-13,5.3,5.3,5.3,5.3
2782,2018-03-12,5.3,5.3,5.3,5.3
2781,2018-03-09,5.3,5.3,5.3,5.3
2780,2018-03-08,5.3,5.3,5.3,5.3
2779,2018-03-07,5.3,5.3,5.3,5.3
2778,2018-03-06,5.3,5.3,5.3,5.3
2777,2018-03-05,5.2,5.2,5.2,5.2
2776,2018-03-02,5.2,5.2,5.2,5.2
2775,2018-03-01,5.2,5.2,5.2,5.2
2774,2018-02-28,5.2,5.2,5.2,5.2
2773,2018-02-27,5.2,5.2,5.2,5.2
2772,2018-02-26,5.2,5.2,5.2,5.2
2771,2018-02-23,5.2,5.3,5.1,5.3
2770,2018-02-22,5.9,5.9,5.9,5.9
2769,2018-02-21,5.9,5.9,5.9,5.9
2768,2018-02-13,5.9,5.9,5.9,5.9
2767,2018-02-12,6.5,6.5,6.5,6.5
2766,2018-02-09,6.5,6.5,6.5,6.5
2765,2018-02-08,6.5,6.5,6.5,6.5
2764,2018-02-07,6.5,6.5,6.5,6.5
2763,2018-02-06,6.5,6.5,6.5,6.5
2762,2018-02-05,6.5,6.5,6.5,6.5
2761,2018-02-02,6.5,6.5,6.5,6.5
2760,2018-02-01,6.5,6.5,6.5,6.5
2759,2018-01-31,6.5,6.5,6.5,6.5
2758,2018-01-30,6.4,6.4,6.4,6.4
2757,2018-01-29,6.4,6.4,6.4,6.4
2756,2018-01-26,7.2,7.2,7.2,7.2
2755,2018-01-25,7.2,7.2,7.2,7.2
2754,2018-01-24,7.2,7.2,7.2,7.2
2753,2018-01-23,7.2,7.2,7.2,7.2
2752,2018-01-22,7.2,7.2,7.2,7.2
2751,2018-01-19,7.2,7.2,7.2,7.2
2750,2018-01-18,7.2,7.2,7.2,7.2
2749,2018-01-17,7.2,7.2,7.2,7.2
2748,2018-01-16,7.1,7.1,7.1,7.1
2747,2018-01-15,7.0,7.0,7.0,7.0
2746,2018-01-12,7.1,7.1,7.1,7.1
2745,2018-01-11,7.1,7.1,7.1,7.1
2744,2018-01-10,7.8,7.8,7.8,7.8
2743,2018-01-09,8.0,8.0,7.8,7.8
2742,2018-01-08,9.1,9.1,9.1,9.1
2741,2018-01-05,9.1,9.1,9.1,9.1
2740,2018-01-04,9.1,9.1,9.1,9.1
2739,2018-01-03,10.5,10.5,10.5,10.5
2738,2018-01-02,10.5,10.5,10.5,10.5
2737,2017-12-29,10.5,10.5,10.5,10.5
2736,2017-12-28,12.0,12.0,12.0,12.0
2735,2017-12-27,13.5,13.5,13.5,13.5
2734,2017-12-26,15.3,15.3,15.3,15.3
2733,2017-12-25,17.0,18.6,13.8,13.8
2732,2017-12-22,17.0,17.0,13.1,13.1
2731,2017-12-21,14.0,15.0,14.0,15.0
2730,2017-12-20,12.9,13.5,12.8,13.5
2729,2017-12-19,15.0,15.0,15.0,15.0
2728,2017-12-18,16.1,18.5,13.9,13.9
2727,2017-12-15,14.6,16.7,13.5,13.6
2726,2017-12-14,14.5,15.0,13.9,13.9
2725,2017-12-13,13.8,14.0,13.8,14.0
2724,2017-12-12,12.8,13.5,12.5,13.5
2723,2017-12-11,12.3,12.3,12.3,12.3
2722,2017-12-08,13.2,14.0,13.2,14.0
2721,2017-12-07,13.2,14.3,12.2,12.2
2720,2017-12-06,14.3,14.3,14.3,14.3
2719,2017-12-05,12.7,13.5,12.7,13.5
2718,2017-12-04,12.2,13.0,12.2,13.0
2717,2017-12-01,11.0,13.2,11.0,13.2
2716,2017-11-30,11.8,12.0,11.8,12.0
2715,2017-11-29,11.1,11.3,11.1,11.3
2714,2017-11-28,10.2,10.2,10.2,10.2
2713,2017-11-27,10.2,10.2,10.2,10.2
2712,2017-11-24,9.3,9.5,9.3,9.5
2711,2017-11-23,8.8,8.8,8.8,8.8
2710,2017-11-22,8.3,8.3,7.8,8.3
2709,2017-11-21,7.5,7.5,7.5,7.5
2708,2017-11-20,6.8,6.8,6.8,6.8
2707,2017-11-17,6.8,6.8,6.8,6.8
2706,2017-11-16,6.8,6.8,6.8,6.8
2705,2017-11-15,6.4,6.4,6.4,6.4
2704,2017-11-14,6.4,6.4,6.4,6.4
2703,2017-11-13,6.4,6.4,6.4,6.4
2702,2017-11-10,6.4,6.5,6.4,6.5
2701,2017-11-09,7.0,7.0,7.0,7.0
2700,2017-11-08,6.9,6.9,6.9,6.9
2699,2017-11-07,6.9,6.9,6.9,6.9
2698,2017-11-06,6.9,6.9,6.9,6.9
2697,2017-11-03,6.9,6.9,6.9,6.9
2696,2017-11-02,6.9,6.9,6.9,6.9
2695,2017-11-01,7.4,7.4,6.4,6.6
2694,2017-10-31,7.1,7.1,7.1,7.1
2693,2017-10-30,7.1,7.1,7.1,7.1
2692,2017-10-27,7.8,7.8,7.8,7.8
2691,2017-10-26,7.8,7.8,7.8,7.8
2690,2017-10-25,7.8,7.8,7.8,7.8
2689,2017-10-24,7.8,7.8,7.8,7.8
2688,2017-10-23,7.8,7.8,7.8,7.8
2687,2017-10-20,7.8,7.8,7.8,7.8
2686,2017-10-19,7.8,7.8,7.8,7.8
2685,2017-10-18,7.8,7.8,7.8,7.8
2684,2017-10-17,7.8,7.8,7.8,7.8
2683,2017-10-16,7.4,7.4,7.4,7.4
2682,2017-10-13,7.4,7.4,7.4,7.4
2681,2017-10-12,7.4,7.4,7.4,7.4
2680,2017-10-11,7.4,7.4,7.4,7.4
2679,2017-10-10,7.4,7.4,7.4,7.4
2678,2017-10-09,7.0,7.0,7.0,7.0
2677,2017-10-06,7.8,7.8,7.8,7.8
2676,2017-10-05,7.4,7.6,7.2,7.2
2675,2017-10-04,8.0,8.0,8.0,8.0
2674,2017-10-03,8.0,8.0,8.0,8.0
2673,2017-10-02,8.2,8.2,8.2,8.2
2672,2017-09-29,8.2,8.2,8.2,8.2
2671,2017-09-28,8.2,8.2,8.2,8.2
2670,2017-09-27,8.2,8.2,8.2,8.2
2669,2017-09-26,8.2,8.2,8.2,8.2
2668,2017-09-25,8.2,8.2,8.2,8.2
2667,2017-09-22,7.8,8.5,7.5,8.5
2666,2017-09-21,8.7,8.7,8.7,8.7
2665,2017-09-20,8.7,8.7,8.7,8.7
2664,2017-09-19,8.6,8.7,8.6,8.7
2663,2017-09-18,9.3,9.3,9.3,9.3
2662,2017-09-15,9.3,9.3,9.3,9.3
2661,2017-09-14,9.3,9.3,9.3,9.3
2660,2017-09-13,9.3,9.3,9.3,9.3
2659,2017-09-12,9.3,9.3,9.3,9.3
2658,2017-09-11,8.0,9.8,8.0,9.8
2657,2017-09-08,8.6,8.6,8.6,8.6
2656,2017-09-07,8.6,8.6,8.6,8.6
2655,2017-09-06,8.6,8.6,8.6,8.6
2654,2017-09-05,8.0,8.7,8.0,8.7
2653,2017-09-01,7.6,7.6,7.6,7.6
2652,2017-08-31,7.6,7.6,7.6,7.6
2651,2017-08-30,7.6,7.6,7.6,7.6
2650,2017-08-29,7.6,7.6,7.6,7.6
2649,2017-08-28,7.6,7.6,7.6,7.6
2648,2017-08-25,7.6,7.6,7.6,7.6
2647,2017-08-24,7.6,7.6,7.6,7.6
2646,2017-08-23,7.6,7.6,7.6,7.6
2645,2017-08-22,7.6,7.6,7.6,7.6
2644,2017-08-21,7.6,7.6,7.6,7.6
2643,2017-08-18,7.6,7.6,7.6,7.6
2642,2017-08-17,7.6,7.6,7.6,7.6
2641,2017-08-16,7.6,7.6,7.6,7.6
2640,2017-08-15,8.4,8.4,8.4,8.4
2639,2017-08-14,8.4,8.4,8.4,8.4
2638,2017-08-11,8.4,8.4,8.4,8.4
2637,2017-08-10,8.4,8.4,8.4,8.4
2636,2017-08-09,8.4,8.4,8.4,8.4
2635,2017-08-08,8.4,8.4,8.4,8.4
2634,2017-08-07,8.4,8.4,8.4,8.4
2633,2017-08-04,8.4,8.4,8.4,8.4
2632,2017-08-03,8.4,8.4,8.4,8.4
2631,2017-08-02,8.4,8.4,8.4,8.4
2630,2017-08-01,8.4,8.4,8.4,8.4
2629,2017-07-31,7.8,8.9,7.8,8.9
2628,2017-07-28,7.8,7.8,7.8,7.8
2627,2017-07-27,7.8,7.8,7.8,7.8
2626,2017-07-26,7.8,7.8,7.8,7.8
2625,2017-07-25,7.8,7.8,7.8,7.8
2624,2017-07-24,7.8,7.8,7.8,7.8
2623,2017-07-21,7.8,7.8,7.8,7.8
2622,2017-07-20,7.8,7.8,7.8,7.8
2621,2017-07-19,7.8,7.8,7.8,7.8
2620,2017-07-18,7.8,7.8,7.8,7.8
2619,2017-07-17,7.8,7.8,7.8,7.8
2618,2017-07-14,7.8,7.8,7.8,7.8
2617,2017-07-13,7.8,7.8,7.8,7.8
2616,2017-07-12,7.8,7.8,7.8,7.8
2615,2017-07-11,7.8,7.8,7.8,7.8
2614,2017-07-10,7.8,7.8,7.8,7.8
2613,2017-07-07,7.7,7.8,7.7,7.8
2612,2017-07-06,6.9,6.9,6.9,6.9
2611,2017-07-05,6.9,6.9,6.9,6.9
2610,2017-07-04,6.4,7.3,6.4,7.3
2609,2017-07-03,6.4,6.4,6.4,6.4
2608,2017-06-30,6.2,6.9,6.0,6.9
2607,2017-06-29,7.0,7.0,7.0,7.0
2606,2017-06-28,7.5,7.6,6.7,6.7
2605,2017-06-27,7.5,7.5,7.5,7.5
2604,2017-06-26,8.5,8.5,8.5,8.5
2603,2017-06-23,8.5,8.5,8.5,8.5
2602,2017-06-22,8.5,8.5,8.5,8.5
2601,2017-06-21,8.5,8.5,8.5,8.5
2600,2017-06-20,8.5,8.5,8.5,8.5
2599,2017-06-19,8.0,9.0,8.0,9.0
2598,2017-06-16,9.0,9.0,9.0,9.0
2597,2017-06-15,9.0,9.0,9.0,9.0
2596,2017-06-14,9.0,9.0,9.0,9.0
2595,2017-06-13,10.4,10.4,10.4,10.4
2594,2017-06-12,10.4,10.4,10.4,10.4
2593,2017-06-09,10.4,10.4,10.4,10.4
2592,2017-06-01,9.9,9.9,9.9,9.9
2591,2017-05-31,9.8,9.9,9.8,9.9
2590,2017-05-30,9.0,9.0,9.0,9.0
2589,2017-05-29,9.5,9.5,9.5,9.5
2588,2017-05-26,9.0,9.0,9.0,9.0
2587,2017-05-25,8.8,8.8,8.8,8.8
2586,2017-05-24,8.8,8.8,8.8,8.8
2585,2017-05-23,8.5,8.5,8.5,8.5
2584,2017-05-22,8.5,8.5,8.5,8.5
2583,2017-05-19,8.5,8.5,8.5,8.5
2582,2017-05-18,8.5,8.5,8.5,8.5
2581,2017-05-17,8.5,8.5,8.5,8.5
2580,2017-05-16,8.5,8.5,8.5,8.5
2579,2017-05-15,8.1,8.5,8.1,8.5
2578,2017-05-12,8.6,8.6,8.5,8.5
2577,2017-05-11,8.5,9.0,8.5,9.0
2576,2017-05-10,9.0,9.0,9.0,9.0
2575,2017-05-09,9.5,9.6,9.5,9.6
2574,2017-05-08,9.6,9.6,9.6,9.6
2573,2017-05-05,9.3,10.2,9.3,10.2
2572,2017-05-04,8.7,9.3,8.7,9.3
2571,2017-05-03,8.2,8.7,8.2,8.7
2570,2017-04-28,8.0,8.0,8.0,8.0
2569,2017-04-27,8.0,8.6,8.0,8.6
2568,2017-04-26,9.0,9.0,8.6,8.6
2567,2017-04-25,9.2,9.2,9.2,9.2
2566,2017-04-24,9.2,9.2,9.2,9.2
2565,2017-04-21,10.0,10.0,10.0,10.0
2564,2017-04-20,10.0,10.0,10.0,10.0
2563,2017-04-19,10.0,10.0,10.0,10.0
2562,2017-04-18,10.0,10.0,10.0,10.0
2561,2017-04-17,10.0,10.0,10.0,10.0
2560,2017-04-14,10.3,10.3,10.0,10.0
2559,2017-04-13,10.3,10.5,10.1,10.5
2558,2017-04-12,10.5,10.5,10.5,10.5
2557,2017-04-11,10.0,10.5,10.0,10.5
2556,2017-04-10,10.5,10.5,10.5,10.5
2555,2017-04-07,10.5,10.5,10.5,10.5
2554,2017-04-05,10.1,10.1,10.1,10.1
2553,2017-04-04,10.1,10.1,10.1,10.1
2552,2017-04-03,10.6,10.6,10.6,10.6
2551,2017-03-31,10.1,10.6,9.8,10.6
2550,2017-03-30,10.7,10.7,10.7,10.7
2549,2017-03-29,11.3,11.3,11.3,11.3
2548,2017-03-28,11.3,11.3,11.3,11.3
2547,2017-03-27,11.3,11.3,11.3,11.3
2546,2017-03-24,12.4,12.4,12.4,12.4
2545,2017-03-23,14.9,14.9,13.7,13.7
2544,2017-03-22,15.2,15.2,15.2,15.2
2543,2017-03-21,16.8,16.8,16.8,16.8
2542,2017-03-20,18.6,18.6,18.6,18.6
2541,2017-03-17,18.6,18.6,18.6,18.6
2540,2017-03-16,18.6,18.6,18.6,18.6
2539,2017-03-15,18.6,18.6,18.6,18.6
2538,2017-03-14,18.6,18.6,18.6,18.6
2537,2017-03-13,18.6,18.6,18.6,18.6
2536,2017-03-10,18.6,18.6,18.6,18.6
2535,2017-03-09,18.6,18.6,18.6,18.6
2534,2017-03-08,18.6,18.6,18.6,18.6
2533,2017-03-07,18.6,18.6,18.6,18.6
2532,2017-03-06,18.6,18.6,18.6,18.6
2531,2017-03-03,18.6,18.6,18.6,18.6
2530,2017-03-02,18.6,18.6,18.6,18.6
2529,2017-03-01,18.6,18.6,18.6,18.6
2528,2017-02-28,18.6,18.6,18.6,18.6
2527,2017-02-27,18.6,18.6,18.6,18.6
2526,2017-02-24,18.6,18.6,18.6,18.6
2525,2017-02-23,18.6,18.6,18.6,18.6
2524,2017-02-22,18.6,18.6,18.6,18.6
2523,2017-02-21,18.6,18.6,18.6,18.6
2522,2017-02-20,18.6,18.6,18.6,18.6
2521,2017-02-17,18.6,18.6,18.6,18.6
2520,2017-02-16,18.6,18.6,18.6,18.6
2519,2017-02-15,18.6,18.6,18.6,18.6
2518,2017-02-14,18.6,18.6,18.6,18.6
2517,2017-02-13,18.6,18.6,18.6,18.6
2516,2017-02-10,18.6,18.6,18.6,18.6
2515,2017-02-09,18.6,18.6,18.6,18.6
2514,2017-02-08,18.6,18.6,18.6,18.6
2513,2017-02-07,18.6,18.6,18.6,18.6
2512,2017-02-06,18.6,18.6,18.6,18.6
2511,2017-02-03,18.6,18.6,18.6,18.6
2510,2017-02-02,18.6,18.6,18.6,18.6
2509,2017-01-25,18.6,18.6,18.6,18.6
2508,2017-01-24,18.6,18.6,18.6,18.6
2507,2017-01-23,18.6,18.6,18.6,18.6
2506,2017-01-20,18.6,18.6,18.6,18.6
2505,2017-01-19,18.6,18.6,18.6,18.6
2504,2017-01-18,18.6,18.6,18.6,18.6
2503,2017-01-17,18.6,18.6,18.6,18.6
2502,2017-01-16,18.6,18.6,18.6,18.6
2501,2017-01-13,18.6,18.6,18.6,18.6
2500,2017-01-12,18.6,18.6,18.6,18.6
2499,2017-01-11,18.6,18.6,18.6,18.6
2498,2017-01-10,18.6,18.6,18.6,18.6
2497,2017-01-09,18.6,18.6,18.6,18.6
2496,2017-01-06,18.6,18.6,18.6,18.6
2495,2017-01-05,18.6,18.6,18.6,18.6
2494,2017-01-04,18.6,18.6,18.6,18.6
2493,2017-01-03,18.6,18.6,18.6,18.6
2492,2016-12-30,18.6,18.6,18.6,18.6
2491,2016-12-29,18.6,18.6,18.6,18.6
2490,2016-12-28,18.6,18.6,18.6,18.6
2489,2016-12-27,15.4,18.6,15.4,18.6
2488,2016-12-26,16.0,17.0,15.9,17.0
2487,2016-12-23,14.0,16.0,13.3,16.0
2486,2016-12-22,14.7,14.7,14.7,14.7
2485,2016-12-21,14.0,14.7,14.0,14.7
2484,2016-12-20,13.4,13.4,13.4,13.4
2483,2016-12-19,12.2,12.2,12.2,12.2
2482,2016-12-16,12.2,12.2,12.2,12.2
2481,2016-12-15,12.2,12.2,12.2,12.2
2480,2016-12-14,12.2,12.2,12.2,12.2
2479,2016-12-13,13.5,13.5,13.5,13.5
2478,2016-12-12,14.9,14.9,14.9,14.9
2477,2016-12-09,14.9,14.9,14.9,14.9
2476,2016-12-08,14.9,14.9,14.9,14.9
2475,2016-12-07,16.5,16.5,16.5,16.5
2474,2016-12-06,16.5,16.5,16.5,16.5
2473,2016-12-05,16.5,16.5,16.5,16.5
2472,2016-12-02,16.5,16.5,16.5,16.5
2471,2016-12-01,16.5,16.5,16.5,16.5
2470,2016-11-30,16.5,16.5,16.5,16.5
2469,2016-11-29,16.5,16.5,16.5,16.5
2468,2016-11-28,16.5,16.5,16.5,16.5
2467,2016-11-25,16.5,16.5,16.5,16.5
2466,2016-11-24,16.5,16.5,16.5,16.5
2465,2016-11-23,16.5,16.5,16.5,16.5
2464,2016-11-22,16.5,16.5,16.5,16.5
2463,2016-11-21,16.5,16.5,16.5,16.5
2462,2016-11-18,16.5,16.5,16.5,16.5
2461,2016-11-17,16.5,16.5,16.5,16.5
2460,2016-11-16,16.5,16.5,16.5,16.5
2459,2016-11-15,16.5,16.5,16.5,16.5
2458,2016-11-14,16.5,16.5,16.5,16.5
2457,2016-11-11,16.5,16.5,16.5,16.5
2456,2016-11-10,16.5,16.5,16.5,16.5
2455,2016-11-09,16.5,16.5,16.5,16.5
2454,2016-11-08,16.5,16.5,16.5,16.5
2453,2016-11-07,16.5,16.5,16.5,16.5
2452,2016-11-04,16.5,16.5,16.5,16.5
2451,2016-11-03,16.5,16.5,16.5,16.5
2450,2016-11-02,16.5,16.5,16.5,16.5
2449,2016-11-01,16.5,16.5,16.5,16.5
2448,2016-10-31,16.5,16.5,16.5,16.5
2447,2016-10-28,16.5,16.5,16.5,16.5
2446,2016-10-27,16.5,16.5,16.5,16.5
2445,2016-10-26,16.5,16.5,16.5,16.5
2444,2016-10-25,16.5,16.5,16.5,16.5
2443,2016-10-24,16.5,16.5,16.5,16.5
2442,2016-10-21,16.5,16.5,16.5,16.5
2441,2016-10-20,16.5,16.5,16.5,16.5
2440,2016-10-19,16.5,16.5,16.5,16.5
2439,2016-10-18,16.5,16.5,16.5,16.5
2438,2016-10-17,16.5,16.5,16.5,16.5
2437,2016-10-14,16.5,16.5,16.5,16.5
2436,2016-10-13,16.5,16.5,16.5,16.5
2435,2016-10-12,16.5,16.5,16.5,16.5
2434,2016-10-11,16.5,16.5,16.5,16.5
2433,2016-10-10,16.5,16.5,16.5,16.5
2432,2016-10-07,16.5,16.5,16.5,16.5
2431,2016-10-06,16.5,16.5,16.5,16.5
2430,2016-10-05,16.5,16.5,16.5,16.5
2429,2016-10-04,16.5,16.5,16.5,16.5
2428,2016-10-03,16.5,16.5,16.5,16.5
2427,2016-09-30,16.8,16.8,14.6,16.5
2426,2016-09-29,15.4,16.0,15.4,16.0
2425,2016-09-28,14.6,14.6,14.6,14.6
2424,2016-09-27,13.6,13.6,13.6,13.6
2423,2016-09-26,12.4,12.4,12.4,12.4
2422,2016-09-23,13.0,13.0,13.0,13.0
2421,2016-09-22,14.0,14.0,14.0,14.0
2420,2016-09-21,14.0,14.0,14.0,14.0
2419,2016-09-20,14.0,14.0,14.0,14.0
2418,2016-09-19,14.0,14.0,14.0,14.0
2417,2016-09-16,14.0,14.0,14.0,14.0
2416,2016-09-15,14.0,14.0,14.0,14.0
2415,2016-09-14,14.0,14.0,14.0,14.0
2414,2016-09-13,14.0,14.0,14.0,14.0
2413,2016-09-12,14.0,14.0,14.0,14.0
2412,2016-09-09,14.0,14.0,14.0,14.0
2411,2016-09-08,14.0,14.0,14.0,14.0
2410,2016-09-07,14.0,14.0,14.0,14.0
2409,2016-09-06,14.0,14.0,14.0,14.0
2408,2016-09-05,14.0,14.0,14.0,14.0
2407,2016-09-01,14.0,14.0,14.0,14.0
2406,2016-08-31,14.0,14.0,14.0,14.0
2405,2016-08-30,14.0,14.0,14.0,14.0
2404,2016-08-29,14.0,14.5,14.0,14.0
2403,2016-08-26,14.0,14.0,14.0,14.0
2402,2016-08-25,13.5,14.0,13.5,14.0
2401,2016-08-24,13.0,13.0,13.0,13.0
2400,2016-08-23,13.0,13.0,13.0,13.0
2399,2016-08-22,13.0,13.0,13.0,13.0
2398,2016-08-19,13.0,13.0,13.0,13.0
2397,2016-08-18,12.5,13.0,12.5,13.0
2396,2016-08-17,13.0,13.0,13.0,13.0
2395,2016-08-16,13.0,13.0,13.0,13.0
2394,2016-08-15,13.0,13.0,13.0,13.0
2393,2016-08-12,11.9,13.0,11.9,13.0
2392,2016-08-11,12.9,12.9,12.9,12.9
2391,2016-08-10,12.5,12.5,11.8,11.8
2390,2016-08-09,13.7,13.7,13.0,13.0
2389,2016-08-08,13.0,13.0,13.0,13.0
2388,2016-08-05,13.0,13.0,13.0,13.0
2387,2016-08-04,13.0,13.0,13.0,13.0
2386,2016-08-03,13.0,13.0,13.0,13.0
2385,2016-08-02,13.0,13.0,13.0,13.0
2384,2016-08-01,13.0,13.0,13.0,13.0
2383,2016-07-29,13.0,13.0,13.0,13.0
2382,2016-07-28,13.0,13.0,13.0,13.0
2381,2016-07-27,13.0,13.0,13.0,13.0
2380,2016-07-26,12.9,12.9,12.9,12.9
2379,2016-07-25,12.3,12.9,12.3,12.9
2378,2016-07-22,12.4,12.4,12.3,12.3
2377,2016-07-21,12.0,12.0,12.0,12.0
2376,2016-07-20,12.0,12.0,12.0,12.0
2375,2016-07-19,11.3,12.0,11.3,12.0
2374,2016-07-18,12.0,12.0,12.0,12.0
2373,2016-07-15,12.9,12.9,12.9,12.9
2372,2016-07-14,12.9,12.9,12.9,12.9
2371,2016-07-13,12.9,12.9,12.9,12.9
2370,2016-07-12,12.8,12.9,12.6,12.9
2369,2016-07-11,12.0,13.6,12.0,13.6
2368,2016-07-08,12.6,12.6,12.4,12.4
2367,2016-07-07,12.6,13.1,12.4,13.1
2366,2016-07-06,13.1,13.1,13.0,13.0
2365,2016-07-05,14.4,14.4,14.4,14.4
2364,2016-07-04,13.5,13.5,13.5,13.5
2363,2016-07-01,13.5,13.5,13.5,13.5
2362,2016-06-30,15.0,15.6,13.9,14.9
2361,2016-06-29,14.0,17.0,14.0,15.4
2360,2016-06-28,14.8,15.5,14.8,15.5
2359,2016-06-27,13.9,14.7,13.9,14.7
2358,2016-06-24,13.9,13.9,13.9,13.9
2357,2016-06-23,12.7,12.7,12.7,12.7
2356,2016-06-22,12.7,12.7,12.7,12.7
2355,2016-06-21,12.0,14.1,12.0,14.1
2354,2016-06-20,12.9,12.9,12.9,12.9
2353,2016-06-17,13.0,13.0,13.0,13.0
2352,2016-06-16,13.0,13.0,13.0,13.0
2351,2016-06-15,12.4,12.8,12.4,12.8
2350,2016-06-14,12.6,13.0,12.0,13.0
2349,2016-06-13,12.6,13.1,12.6,13.1
2348,2016-06-10,13.2,13.2,13.2,13.2
2347,2016-06-09,14.6,14.6,14.6,14.6
2346,2016-06-08,14.6,14.6,14.6,14.6
2345,2016-06-07,14.1,14.1,14.1,14.1
2344,2016-06-06,13.9,13.9,13.9,13.9
2343,2016-06-03,13.9,13.9,13.9,13.9
2342,2016-06-02,13.0,13.0,13.0,13.0
2341,2016-06-01,13.0,13.0,13.0,13.0
2340,2016-05-31,13.0,13.0,13.0,13.0
2339,2016-05-30,13.0,13.0,13.0,13.0
2338,2016-05-27,12.0,12.0,12.0,12.0
2337,2016-05-26,12.0,12.1,12.0,12.0
2336,2016-05-25,12.9,12.9,12.9,12.9
2335,2016-05-24,12.9,12.9,12.9,12.9
2334,2016-05-23,12.6,12.6,12.6,12.6
2333,2016-05-20,13.4,13.4,13.4,13.4
2332,2016-05-19,13.9,13.9,12.2,13.4
2331,2016-05-18,13.5,13.5,13.5,13.5
2330,2016-05-17,13.5,13.5,13.5,13.5
2329,2016-05-16,13.3,13.3,13.3,13.3
2328,2016-05-13,13.3,14.3,13.3,13.3
2327,2016-05-12,13.3,13.3,13.3,13.3
2326,2016-05-11,12.6,13.5,12.6,13.5
2325,2016-05-10,14.0,14.0,14.0,14.0
2324,2016-05-09,14.0,14.0,14.0,14.0
2323,2016-05-06,13.0,14.0,13.0,14.0
2322,2016-05-05,14.3,14.3,14.3,14.3
2321,2016-05-04,14.3,14.3,14.3,14.3
2320,2016-04-29,13.0,13.7,13.0,13.7
2319,2016-04-28,13.6,13.6,13.2,13.2
2318,2016-04-27,13.4,14.6,13.4,14.6
2317,2016-04-26,14.8,14.9,14.7,14.7
2316,2016-04-25,14.7,14.7,14.7,14.7
2315,2016-04-22,13.7,13.7,13.5,13.6
2314,2016-04-21,13.7,14.0,13.6,13.9
2313,2016-04-20,14.0,14.0,14.0,14.0
2312,2016-04-19,14.9,15.0,14.6,14.6
2311,2016-04-15,13.7,14.6,13.4,14.6
2310,2016-04-14,13.9,14.8,13.9,14.8
2309,2016-04-13,15.4,15.4,15.4,15.4
2308,2016-04-12,14.2,15.4,14.2,15.4
2307,2016-04-11,14.2,14.2,14.2,14.2
2306,2016-04-08,13.6,14.5,13.6,14.5
2305,2016-04-07,14.6,14.6,14.5,14.5
2304,2016-04-06,16.1,16.1,16.1,16.1
2303,2016-04-05,15.3,15.3,15.3,15.3
2302,2016-04-04,14.3,14.3,14.3,14.3
2301,2016-04-01,14.4,15.2,14.4,15.2
2300,2016-03-31,15.0,15.0,14.8,14.8
2299,2016-03-30,14.5,15.8,14.5,15.8
2298,2016-03-29,15.8,15.8,15.8,15.8
2297,2016-03-28,17.5,17.5,17.5,17.5
2296,2016-03-25,16.7,17.9,16.5,16.5
2295,2016-03-24,16.7,16.7,16.7,16.7
2294,2016-03-23,15.5,15.5,15.5,15.5
2293,2016-03-22,16.0,16.0,15.5,15.5
2292,2016-03-21,16.6,16.6,16.6,16.6
2291,2016-03-18,15.3,15.6,15.2,15.6
2290,2016-03-17,14.9,15.8,14.9,15.8
2289,2016-03-16,15.6,15.6,15.6,15.6
2288,2016-03-15,15.5,15.6,15.2,15.6
2287,2016-03-14,17.0,17.0,16.1,16.1
2286,2016-03-11,16.3,16.3,16.3,16.3
2285,2016-03-10,15.3,16.3,15.1,16.3
2284,2016-03-09,15.1,15.4,15.0,15.4
2283,2016-03-08,14.2,15.2,14.2,15.2
2282,2016-03-07,14.8,14.8,14.8,14.8
2281,2016-03-04,15.0,15.2,15.0,15.0
2280,2016-03-03,15.0,15.2,14.8,15.2
2279,2016-03-02,15.0,16.2,15.0,15.3
2278,2016-03-01,14.9,15.4,14.9,15.4
2277,2016-02-29,15.0,15.0,14.9,14.9
2276,2016-02-26,14.7,15.2,14.7,15.2
2275,2016-02-25,14.7,14.7,14.7,14.7
2274,2016-02-24,14.6,14.6,14.6,14.6
2273,2016-02-23,17.0,17.0,14.6,15.5
2272,2016-02-22,14.9,15.8,14.8,15.8
2271,2016-02-19,15.4,15.9,14.7,15.9
2270,2016-02-18,15.0,15.4,14.4,15.4
2269,2016-02-17,15.0,15.9,15.0,15.9
2268,2016-02-16,15.5,16.0,15.5,15.8
2267,2016-02-15,15.6,15.6,15.6,15.6
2266,2016-02-05,15.4,15.4,15.4,15.4
2265,2016-02-04,15.5,15.6,15.5,15.6
2264,2016-02-03,15.2,15.6,15.2,15.6
2263,2016-02-02,15.0,15.0,15.0,15.0
2262,2016-02-01,13.0,15.8,13.0,15.8
2261,2016-01-29,13.9,14.4,13.9,14.4
2260,2016-01-28,13.4,13.9,13.4,13.9
2259,2016-01-27,13.4,13.4,13.4,13.4
2258,2016-01-26,13.1,13.5,13.1,13.4
2257,2016-01-25,12.5,13.4,12.4,13.4
2256,2016-01-22,12.0,13.1,11.9,13.1
2255,2016-01-21,12.8,13.7,11.3,13.0
2254,2016-01-20,12.5,12.5,12.5,12.5
2253,2016-01-19,11.9,11.9,11.9,11.9
2252,2016-01-18,11.8,12.5,11.8,12.5
2251,2016-01-15,13.0,13.0,12.5,12.9
2250,2016-01-14,13.0,13.0,13.0,13.0
2249,2016-01-13,13.0,13.3,13.0,13.3
2248,2016-01-12,12.1,13.4,12.1,13.4
2247,2016-01-11,11.9,13.7,11.9,13.3
2246,2016-01-08,13.0,13.0,12.3,12.8
2245,2016-01-07,13.6,13.6,12.8,13.6
2244,2016-01-06,13.6,14.1,13.1,13.8
2243,2016-01-05,13.6,14.5,13.6,14.0
2242,2016-01-04,16.8,16.9,15.1,15.1
2241,2015-12-31,15.9,16.8,15.2,16.7
2240,2015-12-30,15.4,15.5,15.0,15.4
2239,2015-12-29,12.9,14.1,12.9,14.1
2238,2015-12-28,12.0,12.9,12.0,12.9
2237,2015-12-25,12.4,12.8,12.4,12.8
2236,2015-12-24,12.5,12.5,12.5,12.5
2235,2015-12-23,13.5,13.9,12.2,12.7
2234,2015-12-22,12.8,13.5,12.8,13.5
2233,2015-12-21,12.8,12.8,12.8,12.8
2232,2015-12-18,11.8,12.8,11.8,12.8
2231,2015-12-17,11.9,11.9,11.4,11.9
2230,2015-12-16,12.4,12.4,12.4,12.4
2229,2015-12-15,12.9,12.9,12.0,12.4
2228,2015-12-14,11.6,12.5,11.6,12.5
2227,2015-12-11,11.7,11.7,11.1,11.5
2226,2015-12-10,11.8,11.8,11.0,11.7
2225,2015-12-09,11.8,11.8,11.0,11.6
2224,2015-12-08,10.9,11.7,10.9,11.7
2223,2015-12-07,10.3,11.0,10.3,11.0
2222,2015-12-04,11.0,11.3,11.0,11.0
2221,2015-12-03,11.2,11.2,10.3,11.0
2220,2015-12-02,10.8,11.0,10.8,11.0
2219,2015-12-01,10.8,10.8,10.8,10.8
2218,2015-11-30,10.5,10.9,10.5,10.8
2217,2015-11-27,10.1,11.0,10.1,11.0
2216,2015-11-26,11.0,11.0,11.0,11.0
2215,2015-11-25,11.6,11.6,10.6,11.4
2214,2015-11-24,10.8,11.5,10.8,11.5
2213,2015-11-23,11.5,11.5,10.5,11.5
2212,2015-11-20,11.0,11.5,11.0,11.5
2211,2015-11-19,11.2,11.5,11.2,11.5
2210,2015-11-18,11.8,11.8,11.5,11.7
2209,2015-11-17,11.5,11.5,11.5,11.5
2208,2015-11-16,11.3,11.5,11.3,11.5
2207,2015-11-13,11.5,11.5,10.7,11.5
2206,2015-11-12,10.6,11.4,10.0,11.4
2205,2015-11-11,11.1,11.6,10.6,10.6
2204,2015-11-10,11.7,11.7,11.7,11.7
2203,2015-11-09,13.0,13.0,13.0,13.0
2202,2015-11-06,13.0,13.0,12.0,12.0
2201,2015-11-05,11.5,13.1,11.5,12.5
2200,2015-11-04,12.1,12.1,12.1,12.1
2199,2015-11-03,12.2,13.4,12.0,13.4
2198,2015-11-02,12.4,12.4,12.4,12.4
2197,2015-10-30,11.3,12.4,11.3,12.4
2196,2015-10-29,12.5,12.5,12.5,12.5
2195,2015-10-28,12.8,12.8,10.7,12.0
2194,2015-10-27,11.7,11.7,11.7,11.7
2193,2015-10-26,13.0,13.0,13.0,13.0
2192,2015-10-23,11.5,12.6,11.5,12.6
2191,2015-10-22,11.0,11.5,11.0,11.5
2190,2015-10-21,11.0,11.4,10.8,10.8
2189,2015-10-20,11.9,11.9,11.9,11.9
2188,2015-10-19,11.9,11.9,10.9,10.9
2187,2015-10-16,11.0,11.0,10.7,10.9
2186,2015-10-15,11.0,11.5,10.9,11.5
2185,2015-10-14,12.0,12.0,12.0,12.0
2184,2015-10-13,11.0,12.4,11.0,12.4
2183,2015-10-12,12.6,12.6,11.2,12.0
2182,2015-10-09,11.0,12.3,11.0,12.3
2181,2015-10-08,11.9,11.9,11.9,11.9
2180,2015-10-07,13.1,13.1,12.0,12.0
2179,2015-10-06,12.1,12.1,12.0,12.1
2178,2015-10-05,11.0,11.0,11.0,11.0
2177,2015-10-02,11.0,11.8,10.9,11.8
2176,2015-10-01,11.4,12.1,11.4,12.1
2175,2015-09-30,12.6,12.6,12.6,12.6
2174,2015-09-29,13.0,13.0,11.0,12.7
2173,2015-09-28,11.9,11.9,11.9,11.9
2172,2015-09-25,11.9,11.9,11.9,11.9
2171,2015-09-24,12.0,12.0,11.7,11.9
2170,2015-09-23,12.5,12.5,12.5,12.5
2169,2015-09-22,12.5,12.5,12.5,12.5
2168,2015-09-21,12.2,12.5,12.2,12.5
2167,2015-09-18,12.0,12.0,12.0,12.0
2166,2015-09-17,12.6,12.8,12.6,12.6
2165,2015-09-16,13.9,13.9,13.9,13.9
2164,2015-09-15,13.0,13.9,13.0,13.9
2163,2015-09-14,13.0,13.0,12.9,12.9
2162,2015-09-11,12.9,12.9,12.9,12.9
2161,2015-09-10,12.9,12.9,12.9,12.9
2160,2015-09-09,12.9,12.9,12.9,12.9
2159,2015-09-08,13.9,13.9,11.7,11.8
2158,2015-09-07,13.0,13.0,12.0,13.0
2157,2015-09-04,13.3,13.3,13.3,13.3
2156,2015-09-03,13.3,13.3,13.3,13.3
2155,2015-09-01,15.2,15.2,13.0,14.6
2154,2015-08-31,14.0,14.0,14.0,14.0
2153,2015-08-28,12.9,12.9,12.9,12.9
2152,2015-08-27,13.0,13.0,13.0,13.0
2151,2015-08-26,13.9,13.9,12.1,12.1
2150,2015-08-25,13.1,13.1,13.1,13.1
2149,2015-08-24,12.7,12.7,12.5,12.5
2148,2015-08-21,13.0,13.9,13.0,13.8
2147,2015-08-20,13.3,14.3,13.3,14.3
2146,2015-08-19,13.8,13.8,13.8,13.8
2145,2015-08-18,14.0,14.0,14.0,14.0
2144,2015-08-17,13.8,14.4,13.5,14.4
2143,2015-08-14,14.2,14.8,14.1,14.8
2142,2015-08-13,14.5,14.5,13.8,13.8
2141,2015-08-12,14.3,14.7,14.3,14.7
2140,2015-08-11,14.7,14.7,14.7,14.7
2139,2015-08-10,14.8,14.8,14.7,14.7
2138,2015-08-07,14.9,14.9,14.9,14.9
2137,2015-08-06,15.1,15.1,15.1,15.1
2136,2015-08-05,14.6,14.6,14.6,14.6
2135,2015-08-04,15.2,15.2,13.5,13.5
2134,2015-08-03,14.9,14.9,14.9,14.9
2133,2015-07-31,14.9,14.9,14.9,14.9
2132,2015-07-30,14.9,14.9,14.9,14.9
2131,2015-07-29,14.9,14.9,14.9,14.9
2130,2015-07-28,15.0,15.0,15.0,15.0
2129,2015-07-27,15.0,15.0,14.8,15.0
2128,2015-07-24,15.0,15.0,15.0,15.0
2127,2015-07-23,14.7,15.0,14.5,14.5
2126,2015-07-22,14.2,14.7,14.2,14.7
2125,2015-07-21,14.5,14.8,14.5,14.8
2124,2015-07-20,14.1,14.8,14.1,14.8
2123,2015-07-17,14.3,14.3,14.3,14.3
2122,2015-07-16,14.5,14.7,14.3,14.3
2121,2015-07-15,14.7,14.9,14.6,14.9
2120,2015-07-14,14.6,15.1,14.6,14.8
2119,2015-07-13,15.8,15.8,15.0,15.1
2118,2015-07-10,15.0,15.0,14.9,14.9
2117,2015-07-09,15.2,15.2,15.0,15.1
2116,2015-07-08,15.1,15.1,14.6,14.6
2115,2015-07-07,15.7,15.7,14.5,15.1
2114,2015-07-06,15.5,15.5,15.1,15.1
2113,2015-07-03,16.0,16.0,15.3,15.8
2112,2015-07-02,15.0,15.5,15.0,15.5
2111,2015-07-01,15.4,16.0,15.3,15.9
2110,2015-06-30,15.4,16.1,15.0,16.1
2109,2015-06-29,14.9,14.9,14.9,14.9
2108,2015-06-26,14.9,15.7,14.9,15.7
2107,2015-06-25,15.6,15.6,14.8,15.4
2106,2015-06-24,15.3,15.3,15.0,15.0
2105,2015-06-23,15.4,15.4,14.9,14.9
2104,2015-06-22,15.5,15.6,15.5,15.6
2103,2015-06-19,15.4,15.6,15.0,15.6
2102,2015-06-18,15.5,15.5,14.8,15.4
2101,2015-06-17,15.0,15.5,15.0,15.3
2100,2015-06-16,15.6,15.6,15.5,15.5
2099,2015-06-15,16.0,16.9,15.6,15.6
2098,2015-06-12,16.3,16.3,15.5,15.6
2097,2015-06-11,16.0,17.9,14.9,16.9
2096,2015-06-10,17.9,17.9,16.5,16.5
2095,2015-06-09,16.6,16.6,16.5,16.5
2094,2015-06-08,17.5,17.5,16.5,16.5
2093,2015-06-05,17.9,18.0,17.1,18.0
2092,2015-06-04,17.0,17.4,17.0,17.0
2091,2015-06-03,17.7,17.7,16.9,17.0
2090,2015-06-02,16.4,16.9,16.4,16.9
2089,2015-06-01,17.4,17.4,16.3,16.3
2088,2015-05-29,18.5,18.5,16.2,16.6
2087,2015-05-28,19.0,19.0,17.4,17.4
2086,2015-05-27,17.4,17.4,17.4,17.4
2085,2015-05-26,17.5,18.6,17.5,18.4
2084,2015-05-25,18.0,18.0,17.5,18.0
2083,2015-05-22,18.8,18.8,18.1,18.2
2082,2015-05-21,19.0,19.2,18.9,19.0
2081,2015-05-20,19.4,20.9,18.5,19.2
2080,2015-05-19,18.5,19.4,18.5,19.4
2079,2015-05-18,17.5,17.7,15.9,17.7
2078,2015-05-15,15.2,16.1,15.0,16.1
2077,2015-05-14,14.7,14.7,14.7,14.7
2076,2015-05-13,14.8,15.2,14.7,15.2
2075,2015-05-12,15.2,15.2,14.7,15.2
2074,2015-05-11,14.8,15.2,14.7,15.2
2073,2015-05-08,14.8,15.4,14.2,15.4
2072,2015-05-07,14.6,15.4,14.5,15.4
2071,2015-05-06,14.8,15.3,14.5,14.5
2070,2015-05-05,15.3,15.4,15.3,15.4
2069,2015-05-04,15.1,15.1,14.5,14.5
2068,2015-04-27,15.7,16.0,15.5,15.5
2067,2015-04-24,15.6,15.6,15.5,15.5
2066,2015-04-23,15.7,15.7,15.7,15.7
2065,2015-04-22,15.7,15.7,15.7,15.7
2064,2015-04-21,15.7,15.7,15.7,15.7
2063,2015-04-20,15.6,15.7,15.6,15.7
2062,2015-04-17,15.2,15.6,15.1,15.6
2061,2015-04-16,15.3,15.4,14.9,15.4
2060,2015-04-15,14.0,15.1,14.0,15.1
2059,2015-04-14,15.5,15.5,15.0,15.0
2058,2015-04-13,15.5,15.5,15.2,15.5
2057,2015-04-10,15.2,15.6,15.2,15.5
2056,2015-04-09,14.9,15.4,14.9,15.4
2055,2015-04-08,14.1,15.4,14.1,14.9
2054,2015-04-07,14.9,14.9,14.9,14.9
2053,2015-04-06,14.2,14.9,14.2,14.9
2052,2015-04-03,15.2,15.2,15.2,15.2
2051,2015-04-02,14.8,14.9,14.8,14.9
2050,2015-04-01,14.9,14.9,13.6,13.6
2049,2015-03-31,14.8,15.0,14.5,14.5
2048,2015-03-30,14.8,15.2,14.0,15.1
2047,2015-03-27,14.9,15.0,14.8,14.8
2046,2015-03-26,15.0,15.5,14.9,15.5
2045,2015-03-25,15.3,15.3,15.3,15.3
2044,2015-03-24,15.4,15.4,15.0,15.3
2043,2015-03-23,15.6,15.6,15.6,15.6
2042,2015-03-20,16.1,16.1,15.1,15.1
2041,2015-03-19,15.5,16.5,15.5,15.9
2040,2015-03-18,14.5,15.4,14.5,15.4
2039,2015-03-17,14.5,14.8,14.0,14.0
2038,2015-03-16,15.0,15.0,14.2,14.2
2037,2015-03-13,15.0,15.1,14.2,15.0
2036,2015-03-12,15.3,15.3,15.0,15.0
2035,2015-03-11,15.5,15.6,15.5,15.6
2034,2015-03-10,15.2,15.8,15.2,15.8
2033,2015-03-09,15.9,15.9,15.6,15.6
2032,2015-03-06,16.3,16.3,16.0,16.1
2031,2015-03-05,16.5,16.5,15.9,16.2
2030,2015-03-04,15.8,15.8,15.5,15.7
2029,2015-03-03,15.7,15.8,15.7,15.8
2028,2015-03-02,15.7,15.8,15.6,15.8
2027,2015-02-27,16.1,16.1,16.1,16.1
2026,2015-02-26,16.0,16.1,16.0,16.1
2025,2015-02-25,16.0,16.2,16.0,16.0
2024,2015-02-24,15.8,16.4,15.6,16.4
2023,2015-02-13,16.3,16.3,16.3,16.3
2022,2015-02-12,16.8,16.8,16.1,16.5
2021,2015-02-11,15.7,16.1,15.7,16.1
2020,2015-02-10,15.8,15.8,15.4,15.6
2019,2015-02-09,17.3,17.3,16.0,16.9
2018,2015-02-06,15.6,16.0,15.5,15.8
2017,2015-02-05,15.7,15.7,14.8,14.8
2016,2015-02-04,14.8,15.4,14.6,15.4
2015,2015-02-03,15.7,15.7,14.0,14.0
2014,2015-02-02,14.7,15.9,14.7,15.0
2013,2015-01-30,16.9,16.9,15.8,15.8
2012,2015-01-29,16.2,16.5,16.0,16.5
2011,2015-01-28,18.0,18.0,16.0,17.1
2010,2015-01-27,16.8,17.5,16.5,17.5
2009,2015-01-26,16.7,17.8,16.7,17.5
2008,2015-01-23,16.8,17.0,16.5,16.7
2007,2015-01-22,16.9,17.3,16.7,16.9
2006,2015-01-21,17.8,17.8,16.8,17.0
2005,2015-01-20,17.5,17.9,17.0,17.0
2004,2015-01-19,18.0,18.4,17.5,17.9
2003,2015-01-16,18.2,18.4,17.8,17.8
2002,2015-01-15,17.5,18.9,17.3,18.7
2001,2015-01-14,18.0,18.0,17.4,17.5
2000,2015-01-13,17.2,18.3,17.0,17.7
1999,2015-01-12,18.8,18.9,18.0,18.0
1998,2015-01-09,19.0,20.0,18.4,19.9
1997,2015-01-08,22.5,22.5,19.8,20.2
1996,2015-01-07,18.0,20.6,18.0,20.5
1995,2015-01-06,17.7,19.0,17.7,18.8
1994,2015-01-05,19.1,19.4,17.5,19.2
1993,2014-12-31,18.0,18.1,17.5,17.9
1992,2014-12-30,16.6,16.9,16.2,16.5
1991,2014-12-29,18.0,18.0,16.6,16.6
1990,2014-12-26,19.5,19.5,17.5,18.3
1989,2014-12-25,18.2,18.5,18.0,18.5
1988,2014-12-24,17.3,18.9,17.3,18.9
1987,2014-12-23,17.1,17.3,17.1,17.3
1986,2014-12-22,16.9,18.5,16.7,17.2
1985,2014-12-19,17.3,17.3,16.5,16.9
1984,2014-12-18,16.4,17.5,16.3,16.5
1983,2014-12-17,17.3,17.3,15.3,16.3
1982,2014-12-16,16.6,17.2,16.5,17.0
1981,2014-12-15,18.0,18.1,16.6,17.6
1980,2014-12-12,17.3,17.3,16.5,17.1
1979,2014-12-11,17.7,17.9,16.4,16.4
1978,2014-12-10,16.6,17.6,16.6,17.6
1977,2014-12-09,18.0,19.5,16.6,16.6
1976,2014-12-08,17.9,19.0,17.9,18.4
1975,2014-12-05,18.9,19.2,18.9,19.2
1974,2014-12-04,18.1,19.1,18.0,18.9
1973,2014-12-03,17.5,18.0,17.5,18.0
1972,2014-12-02,17.5,18.0,17.5,18.0
1971,2014-12-01,17.2,18.3,17.1,17.1
1970,2014-11-28,17.8,18.5,17.7,18.5
1969,2014-11-27,18.3,18.3,17.9,17.9
1968,2014-11-26,17.9,18.8,16.8,18.3
1967,2014-11-25,18.0,18.1,17.6,18.0
1966,2014-11-24,17.0,18.3,17.0,18.3
1965,2014-11-21,19.4,19.4,17.3,17.3
1964,2014-11-20,18.8,18.8,17.9,17.9
1963,2014-11-19,18.3,18.3,17.2,18.3
1962,2014-11-18,20.9,20.9,18.1,18.3
1961,2014-11-17,17.5,19.0,17.5,19.0
1960,2014-11-14,16.5,17.9,16.5,17.3
1959,2014-11-13,18.7,20.5,16.9,16.9
1958,2014-11-12,17.5,19.1,17.5,18.7
1957,2014-11-11,18.6,19.5,18.4,18.6
1956,2014-11-10,19.4,20.3,19.0,19.7
1955,2014-11-07,16.9,18.7,16.3,18.7
1954,2014-11-06,16.5,17.0,16.5,17.0
1953,2014-11-05,15.9,17.0,15.8,17.0
1952,2014-11-04,17.9,17.9,16.1,16.5
1951,2014-11-03,16.3,16.3,16.3,16.3
1950,2014-10-31,14.0,14.9,14.0,14.9
1949,2014-10-30,13.7,13.7,13.6,13.6
1948,2014-10-29,14.4,15.1,14.4,14.8
1947,2014-10-28,13.1,14.0,13.1,13.9
1946,2014-10-27,12.9,13.9,12.9,13.9
1945,2014-10-24,13.6,13.6,13.3,13.3
1944,2014-10-23,14.5,14.5,14.5,14.5
1943,2014-10-22,14.0,14.6,13.7,14.5
1942,2014-10-21,15.0,15.0,14.6,14.6
1941,2014-10-20,14.0,14.5,14.0,14.5
1940,2014-10-17,14.7,14.8,14.6,14.8
1939,2014-10-16,14.1,14.6,14.1,14.6
1938,2014-10-15,13.5,14.2,13.2,13.3
1937,2014-10-14,14.4,14.4,13.9,14.2
1936,2014-10-13,15.0,15.0,14.0,14.5
1935,2014-10-10,16.4,16.5,14.1,15.0
1934,2014-10-09,15.1,15.1,15.1,15.1
1933,2014-10-08,13.8,13.8,13.8,13.8
1932,2014-10-07,12.6,12.6,12.6,12.6
1931,2014-10-06,11.5,11.5,11.5,11.5
1930,2014-10-03,10.5,10.5,10.5,10.5
1929,2014-10-02,10.3,10.3,9.6,9.6
1928,2014-10-01,10.3,10.5,9.4,9.4
1927,2014-09-30,10.6,10.6,10.1,10.3
1926,2014-09-29,9.6,10.5,9.6,10.5
1925,2014-09-26,10.2,10.7,10.2,10.2
1924,2014-09-25,10.0,10.2,10.0,10.2
1923,2014-09-24,9.2,10.0,9.2,10.0
1922,2014-09-23,9.0,9.1,9.0,9.1
1921,2014-09-22,8.5,9.2,8.5,9.0
1920,2014-09-19,9.2,9.2,9.0,9.1
1919,2014-09-18,8.5,9.2,8.5,9.2
1918,2014-09-17,9.8,9.8,8.6,9.3
1917,2014-09-16,9.3,9.3,9.3,9.3
1916,2014-09-15,9.0,9.1,9.0,9.1
1915,2014-09-12,9.0,9.0,9.0,9.0
1914,2014-09-11,9.0,9.0,9.0,9.0
1913,2014-09-10,7.2,8.5,7.2,8.5
1912,2014-09-09,8.4,9.0,7.8,7.8
1911,2014-09-08,8.3,9.0,8.3,8.5
1910,2014-09-05,8.5,8.5,8.3,8.3
1909,2014-09-04,9.0,9.0,9.0,9.0
1908,2014-09-03,9.0,9.0,9.0,9.0
1907,2014-08-29,9.0,9.0,9.0,9.0
1906,2014-08-28,9.0,9.0,9.0,9.0
1905,2014-08-27,8.4,9.0,8.4,9.0
1904,2014-08-26,9.0,9.0,9.0,9.0
1903,2014-08-25,9.2,9.2,9.0,9.0
1902,2014-08-22,9.0,9.2,9.0,9.2
1901,2014-08-21,9.4,9.4,9.0,9.0
1900,2014-08-20,9.3,9.3,9.3,9.3
1899,2014-08-19,9.0,9.0,9.0,9.0
1898,2014-08-18,9.4,9.4,9.0,9.0
1897,2014-08-15,9.5,9.5,8.9,8.9
1896,2014-08-14,8.8,8.8,8.8,8.8
1895,2014-08-13,9.4,9.4,8.8,8.8
1894,2014-08-12,9.4,9.4,9.4,9.4
1893,2014-08-11,9.02,9.02,9.02,9.02
1892,2014-08-08,9.4,9.4,9.4,9.4
1891,2014-08-07,9.4,9.4,9.4,9.4
1890,2014-08-06,9.49,9.49,9.4,9.4
1889,2014-08-05,9.4,9.4,9.4,9.4
1888,2014-08-04,9.4,9.4,9.4,9.4
1887,2014-08-01,9.4,9.4,9.4,9.4
1886,2014-07-31,9.4,9.4,9.4,9.4
1885,2014-07-30,9.4,9.4,9.4,9.4
1884,2014-07-29,8.64,9.68,8.36,9.68
1883,2014-07-28,9.12,9.12,9.12,9.12
1882,2014-07-25,9.78,9.78,9.12,9.12
1881,2014-07-24,9.78,9.97,9.4,9.87
1880,2014-07-23,9.68,9.87,9.4,9.87
1879,2014-07-22,9.78,9.78,9.49,9.49
1878,2014-07-21,9.68,9.87,9.31,9.87
1877,2014-07-18,9.78,10.25,9.59,9.78
1876,2014-07-17,10.06,10.06,9.78,9.78
1875,2014-07-16,9.87,10.16,9.59,10.16
1874,2014-07-15,9.68,10.16,9.4,10.16
1873,2014-07-14,9.87,9.87,9.49,9.49
1872,2014-07-11,9.78,9.87,9.49,9.87
1871,2014-07-10,9.68,9.97,9.4,9.87
1870,2014-07-09,9.78,9.78,9.49,9.59
1869,2014-07-08,9.4,9.4,9.4,9.4
1868,2014-07-07,9.4,9.4,9.4,9.4
1867,2014-07-04,9.31,9.68,9.31,9.4
1866,2014-07-03,9.78,9.97,9.49,9.49
1865,2014-07-02,9.97,10.44,9.78,9.78
1864,2014-07-01,10.06,10.16,9.97,10.16
1863,2014-06-30,10.25,10.44,9.97,10.44
1862,2014-06-27,9.12,10.44,9.12,10.44
1861,2014-06-26,10.06,10.06,10.06,10.06
1860,2014-06-25,9.87,10.06,9.59,10.06
1859,2014-06-24,9.02,9.87,9.02,9.87
1858,2014-06-23,9.49,9.49,9.02,9.02
1857,2014-06-20,8.93,9.78,8.55,9.78
1856,2014-06-19,9.59,9.59,9.21,9.4
1855,2014-06-18,9.87,9.97,9.59,9.97
1854,2014-06-17,9.49,10.63,9.02,10.63
1853,2014-06-16,9.68,9.68,9.68,9.68
1852,2014-06-13,9.68,9.68,9.68,9.68
1851,2014-06-12,8.93,9.31,8.93,9.31
1850,2014-06-11,9.31,9.49,9.02,9.31
1849,2014-06-10,9.4,9.4,9.4,9.4
1848,2014-06-09,9.12,9.31,8.93,9.31
1847,2014-06-06,9.4,9.4,9.4,9.4
1846,2014-06-05,8.83,9.31,8.83,9.02
1845,2014-06-04,8.74,8.93,8.64,8.64
1844,2014-06-03,8.64,8.64,8.64,8.64
1843,2014-06-02,8.83,8.93,8.64,8.64
1842,2014-05-30,8.55,8.55,8.55,8.55
1841,2014-05-29,8.74,8.74,8.74,8.74
1840,2014-05-28,8.83,8.83,8.83,8.83
1839,2014-05-27,8.83,8.83,8.83,8.83
1838,2014-05-26,8.83,8.83,8.83,8.83
1837,2014-05-23,8.55,8.55,8.55,8.55
1836,2014-05-22,8.55,8.93,8.55,8.93
1835,2014-05-21,8.93,8.93,8.93,8.93
1834,2014-05-20,8.55,8.64,8.26,8.64
1833,2014-05-19,8.64,8.64,8.64,8.64
1832,2014-05-16,8.74,8.83,8.55,8.83
1831,2014-05-15,8.36,9.02,8.36,9.02
1830,2014-05-14,8.17,8.55,8.17,8.55
1829,2014-05-13,8.64,8.64,7.79,8.26
1828,2014-05-12,8.64,8.64,8.45,8.45
1827,2014-05-09,9.31,9.31,8.17,9.12
1826,2014-05-08,8.26,8.74,7.98,8.74
1825,2014-05-07,8.93,8.93,8.83,8.83
1824,2014-05-06,8.36,8.93,8.36,8.93
1823,2014-05-05,8.36,8.36,8.36,8.36
1822,2014-04-29,8.17,8.36,8.17,8.36
1821,2014-04-28,7.5,8.17,7.5,8.17
1820,2014-04-25,7.41,7.5,7.41,7.5
1819,2014-04-24,6.84,6.84,6.84,6.84
1818,2014-04-23,6.84,7.41,6.84,6.84
1817,2014-04-22,6.65,7.31,6.65,6.74
1816,2014-04-21,7.12,7.12,6.65,6.65
1815,2014-04-18,7.41,7.41,6.84,7.12
1814,2014-04-17,7.41,7.41,7.22,7.22
1813,2014-04-16,7.41,7.98,7.41,7.41
1812,2014-04-15,7.79,7.79,7.79,7.79
1811,2014-04-14,8.55,8.93,8.26,8.26
1810,2014-04-11,8.55,8.55,8.55,8.55
1809,2014-04-10,9.21,9.21,9.21,9.21
1808,2014-04-08,9.21,9.21,9.21,9.21
1807,2014-04-07,8.55,9.02,8.55,8.74
1806,2014-04-04,9.21,9.21,8.64,8.74
1805,2014-04-03,9.12,9.21,9.02,9.21
1804,2014-04-02,8.55,9.12,8.55,8.83
1803,2014-04-01,8.83,9.12,8.64,9.12
1802,2014-03-31,9.68,9.68,8.83,8.83
1801,2014-03-28,8.93,9.12,8.64,9.12
1800,2014-03-27,8.26,8.93,8.17,8.36
1799,2014-03-26,8.17,8.74,7.98,8.55
1798,2014-03-25,8.36,8.36,7.98,7.98
1797,2014-03-24,8.74,8.74,8.45,8.45
1796,2014-03-21,7.79,8.74,7.79,8.36
1795,2014-03-20,9.4,9.4,8.36,8.55
1794,2014-03-19,9.02,9.02,8.93,8.93
1793,2014-03-18,8.93,8.93,8.74,8.74
1792,2014-03-17,9.02,9.02,8.55,8.74
1791,2014-03-14,8.74,8.93,8.55,8.93
1790,2014-03-13,8.07,8.55,8.07,8.55
1789,2014-03-12,8.64,8.74,7.79,7.79
1788,2014-03-11,7.22,8.36,7.22,8.36
1787,2014-03-10,8.36,8.36,7.22,7.6
1786,2014-03-07,6.55,7.6,6.55,7.6
1785,2014-03-06,6.84,7.98,6.84,6.93
1784,2014-03-05,7.41,7.5,7.12,7.5
1783,2014-03-04,6.84,6.84,6.84,6.84
1782,2014-03-03,6.65,7.5,6.65,7.41
1781,2014-02-28,6.93,6.93,6.93,6.93
1780,2014-02-27,7.6,7.69,6.93,6.93
1779,2014-02-26,6.65,7.03,6.65,7.03
1778,2014-02-25,6.74,7.12,6.46,6.46
1777,2014-02-24,6.74,7.22,6.65,6.74
1776,2014-02-21,6.84,7.31,6.84,6.93
1775,2014-02-20,7.41,7.41,6.84,6.84
1774,2014-02-19,7.69,7.69,7.41,7.41
1773,2014-02-18,7.22,7.98,6.93,7.69
1772,2014-02-17,7.22,7.41,7.22,7.31
1771,2014-02-14,6.84,6.93,6.84,6.93
1770,2014-02-13,7.41,7.41,6.36,6.36
1769,2014-02-12,6.46,6.74,6.46,6.74
1768,2014-02-11,6.65,7.03,6.46,6.46
1767,2014-02-10,6.36,6.74,6.36,6.65
1766,2014-02-07,6.17,6.17,6.17,6.17
1765,2014-02-06,6.46,6.46,6.46,6.46
1764,2014-01-27,6.17,6.55,6.17,6.55
1763,2014-01-24,6.08,6.27,5.98,5.98
1762,2014-01-23,5.89,6.08,5.79,5.79
1761,2014-01-22,5.89,5.89,5.89,5.89
1760,2014-01-21,5.79,5.79,5.79,5.79
1759,2014-01-20,5.89,6.17,5.89,5.89
1758,2014-01-17,5.98,6.17,5.98,5.98
1757,2014-01-16,6.17,6.36,6.17,6.36
1756,2014-01-15,6.08,6.27,6.08,6.08
1755,2014-01-14,6.17,6.17,5.98,6.08
1754,2014-01-13,6.36,6.36,6.17,6.17
1753,2014-01-10,5.98,5.98,5.98,5.98
1752,2014-01-09,6.08,6.08,6.08,6.08
1751,2014-01-08,6.08,6.27,6.08,6.08
1750,2014-01-07,5.98,6.17,5.7,5.7
1749,2014-01-06,5.79,5.79,5.7,5.79
1748,2014-01-03,5.7,5.98,5.7,5.7
1747,2014-01-02,5.89,5.89,5.7,5.7
1746,2013-12-31,5.7,5.7,5.7,5.7
1745,2013-12-30,5.89,5.89,5.51,5.51
1744,2013-12-27,5.89,6.17,5.89,5.98
1743,2013-12-26,5.7,5.7,5.7,5.7
1742,2013-12-25,5.79,5.79,5.79,5.79
1741,2013-12-24,5.89,5.98,5.89,5.98
1740,2013-12-23,5.7,5.79,5.7,5.79
1739,2013-12-20,5.7,6.08,5.7,5.7
1738,2013-12-19,5.79,5.89,5.79,5.89
1737,2013-12-18,5.98,5.98,5.7,5.7
1736,2013-12-17,5.79,5.79,5.7,5.7
1735,2013-12-16,5.98,6.08,5.79,5.79
1734,2013-12-13,5.7,6.17,5.7,6.17
1733,2013-12-12,5.79,6.08,5.6,5.7
1732,2013-12-11,5.98,6.08,5.79,5.79
1731,2013-12-10,5.98,5.98,5.79,5.79
1730,2013-12-09,5.89,5.89,5.79,5.79
1729,2013-12-06,5.98,6.08,5.98,6.08
1728,2013-12-05,5.89,5.98,5.89,5.89
1727,2013-12-04,5.89,6.08,5.89,5.89
1726,2013-12-03,5.98,5.98,5.89,5.89
1725,2013-12-02,6.08,6.17,5.89,5.89
1724,2013-11-29,5.98,6.17,5.89,6.17
1723,2013-11-28,5.89,5.98,5.89,5.98
1722,2013-11-27,5.7,5.89,5.7,5.89
1721,2013-11-26,5.51,5.79,5.51,5.79
1720,2013-11-25,5.7,5.89,5.6,5.6
1719,2013-11-22,5.51,5.6,5.51,5.6
1718,2013-11-21,5.7,5.89,5.6,5.6
1717,2013-11-20,5.79,5.79,5.6,5.6
1716,2013-11-19,5.89,6.08,5.51,5.51
1715,2013-11-18,5.41,6.08,5.32,6.08
1714,2013-11-15,5.51,5.7,5.51,5.7
1713,2013-11-14,5.6,5.6,5.6,5.6
1712,2013-11-13,5.32,5.51,5.32,5.32
1711,2013-11-12,5.51,5.7,5.32,5.32
1710,2013-11-11,5.89,5.89,5.89,5.89
1709,2013-11-08,5.6,5.89,5.41,5.89
1708,2013-11-07,5.6,5.6,5.41,5.41
1707,2013-11-06,5.51,5.7,5.51,5.7
1706,2013-11-05,5.13,5.51,5.13,5.51
1705,2013-11-04,5.51,5.51,5.13,5.13
1704,2013-11-01,5.6,5.6,5.22,5.22
1703,2013-10-31,5.22,5.22,5.22,5.22
1702,2013-10-30,5.7,5.7,5.22,5.22
1701,2013-10-29,5.13,5.6,4.94,5.22
1700,2013-10-28,5.41,5.51,5.32,5.41
1699,2013-10-25,5.6,5.7,5.6,5.6
1698,2013-10-24,5.6,5.7,5.22,5.22
1697,2013-10-23,5.7,5.89,5.51,5.6
1696,2013-10-22,5.7,5.89,5.6,5.89
1695,2013-10-21,5.7,6.17,5.7,5.7
1694,2013-10-18,5.7,5.79,5.51,5.7
1693,2013-10-17,5.32,5.7,5.32,5.51
1692,2013-10-16,5.41,5.89,5.41,5.51
1691,2013-10-15,5.7,5.7,5.41,5.41
1690,2013-10-14,5.79,5.89,5.22,5.22
1689,2013-10-11,5.7,5.79,5.7,5.79
1688,2013-10-10,5.51,5.79,5.51,5.7
1687,2013-10-09,5.6,5.6,5.41,5.41
1686,2013-10-08,5.6,5.6,5.41,5.41
1685,2013-10-07,5.51,5.51,5.32,5.32
1684,2013-10-04,5.41,5.51,5.03,5.03
1683,2013-10-03,5.7,5.7,5.03,5.03
1682,2013-10-02,5.13,5.7,5.13,5.41
1681,2013-10-01,5.32,5.7,5.13,5.7
1680,2013-09-30,5.51,5.6,5.22,5.22
1679,2013-09-27,6.08,6.08,5.32,5.41
1678,2013-09-26,6.08,6.08,5.79,5.79
1677,2013-09-25,5.7,5.79,5.51,5.79
1676,2013-09-24,5.22,5.32,5.13,5.32
1675,2013-09-23,4.56,4.84,4.56,4.84
1674,2013-09-20,4.56,4.75,4.46,4.46
1673,2013-09-19,5.03,5.03,4.46,4.46
1672,2013-09-18,4.46,4.84,4.46,4.75
1671,2013-09-17,4.37,4.65,4.37,4.46
1670,2013-09-16,4.27,4.27,4.27,4.27
1669,2013-09-13,4.46,4.46,4.27,4.27
1668,2013-09-12,4.27,4.37,4.27,4.37
1667,2013-09-11,4.27,4.27,3.99,3.99
1666,2013-09-10,3.8,4.27,3.8,4.27
1665,2013-09-09,3.8,3.89,3.8,3.89
1664,2013-09-06,3.7,3.8,3.7,3.7
1663,2013-09-05,3.7,3.7,3.7,3.7
1662,2013-09-04,3.7,3.8,3.7,3.8
1661,2013-09-03,3.89,3.89,3.89,3.89
1660,2013-08-30,3.89,3.89,3.89,3.89
1659,2013-08-29,3.61,3.89,3.51,3.89
1658,2013-08-28,3.7,3.7,3.61,3.61
1657,2013-08-27,3.8,3.8,3.8,3.8
1656,2013-08-26,3.89,3.89,3.89,3.89
1655,2013-08-23,3.89,3.89,3.89,3.89
1654,2013-08-22,3.89,3.89,3.89,3.89
1653,2013-08-21,3.89,3.89,3.89,3.89
1652,2013-08-20,3.7,3.89,3.7,3.89
1651,2013-08-19,3.8,3.99,3.8,3.99
1650,2013-08-16,3.8,3.8,3.8,3.8
1649,2013-08-15,3.89,3.89,3.89,3.89
1648,2013-08-14,3.89,3.89,3.89,3.89
1647,2013-08-13,3.8,4.08,3.8,4.08
1646,2013-08-12,3.8,3.89,3.8,3.89
1645,2013-08-09,3.89,3.99,3.8,3.8
1644,2013-08-08,3.8,3.99,3.8,3.99
1643,2013-08-07,3.8,3.8,3.8,3.8
1642,2013-08-06,3.8,3.8,3.8,3.8
1641,2013-08-05,3.89,3.89,3.89,3.89
1640,2013-08-02,3.8,3.89,3.8,3.89
1639,2013-08-01,3.7,3.8,3.7,3.8
1638,2013-07-31,3.7,3.7,3.7,3.7
1637,2013-07-30,3.8,3.8,3.7,3.7
1636,2013-07-29,3.99,3.99,3.99,3.99
1635,2013-07-26,3.99,3.99,3.7,3.8
1634,2013-07-25,3.99,4.27,3.99,3.99
1633,2013-07-24,3.61,3.89,3.61,3.89
1632,2013-07-23,3.61,3.61,3.61,3.61
1631,2013-07-22,3.89,3.89,3.61,3.61
1630,2013-07-19,3.89,3.99,3.7,3.99
1629,2013-07-18,3.99,4.08,3.99,3.99
1628,2013-07-17,3.99,4.08,3.99,4.08
1627,2013-07-16,3.89,3.99,3.8,3.99
1626,2013-07-15,4.18,4.18,4.08,4.08
1625,2013-07-12,4.08,4.08,4.08,4.08
1624,2013-07-11,3.8,3.8,3.8,3.8
1623,2013-07-10,3.99,4.08,3.8,4.08
1622,2013-07-09,4.18,4.18,3.99,4.18
1621,2013-07-08,4.18,4.27,4.08,4.08
1620,2013-07-05,4.08,4.08,4.08,4.08
1619,2013-07-04,4.18,4.27,4.08,4.08
1618,2013-07-03,4.27,4.46,4.27,4.46
1617,2013-07-02,4.37,4.56,4.37,4.56
1616,2013-07-01,4.08,4.27,4.08,4.27
1615,2013-06-28,4.46,4.46,3.89,4.08
1614,2013-06-27,3.99,4.08,3.99,4.08
1613,2013-06-26,3.99,3.99,3.8,3.8
1612,2013-06-25,4.18,4.18,3.51,4.18
1611,2013-06-24,3.99,3.99,3.89,3.89
1610,2013-06-21,4.27,4.27,4.27,4.27
1609,2013-06-20,4.75,4.75,4.27,4.27
1608,2013-06-19,4.75,4.84,4.75,4.84
1607,2013-06-18,4.75,4.84,4.65,4.84
1606,2013-06-17,4.84,4.84,4.84,4.84
1605,2013-06-14,4.84,4.84,4.75,4.84
1604,2013-06-13,5.03,5.03,4.75,4.75
1603,2013-06-12,4.94,5.13,4.84,4.84
1602,2013-06-11,4.75,5.03,4.75,5.03
1601,2013-06-10,4.84,5.13,4.65,5.03
1600,2013-06-07,4.84,5.13,4.84,4.94
1599,2013-06-06,4.94,4.94,4.94,4.94
1598,2013-06-05,5.03,5.03,5.03,5.03
1597,2013-06-04,4.75,5.03,4.75,5.03
1596,2013-06-03,4.94,4.94,4.94,4.94
1595,2013-05-31,5.03,5.03,4.75,4.94
1594,2013-05-30,5.22,5.22,5.03,5.13
1593,2013-05-29,5.22,5.22,4.94,5.03
1592,2013-05-28,5.13,5.13,5.03,5.03
1591,2013-05-27,4.94,5.03,4.75,5.03
1590,2013-05-24,4.94,5.03,4.94,4.84
1589,2013-05-23,5.13,5.13,4.84,4.84
1588,2013-05-22,5.03,5.13,5.03,5.13
1587,2013-05-21,5.32,5.32,4.94,5.22
1586,2013-05-20,5.32,5.41,4.75,5.22
1585,2013-05-17,5.32,5.41,4.94,5.22
1584,2013-05-16,5.03,5.22,5.03,5.22
1583,2013-05-15,5.41,5.41,4.65,4.65
1582,2013-05-14,5.03,5.03,5.03,5.03
1581,2013-05-13,5.51,5.51,5.51,5.51
1580,2013-05-10,5.51,5.51,5.51,5.51
1579,2013-05-09,4.94,5.41,4.94,5.41
1578,2013-05-08,4.94,5.41,4.94,5.41
1577,2013-05-07,5.41,5.41,5.41,5.41
1576,2013-05-06,5.51,5.51,5.22,5.41
1575,2013-05-03,5.51,5.51,5.51,5.51
1574,2013-05-02,5.41,5.41,5.41,5.41
1573,2013-04-26,5.7,5.7,5.51,5.51
1572,2013-04-25,5.41,5.41,5.41,5.41
1571,2013-04-24,5.41,5.79,5.41,5.79
1570,2013-04-23,5.89,5.89,5.89,5.89
1569,2013-04-22,5.51,5.89,5.51,5.89
1568,2013-04-18,5.22,5.6,5.22,5.6
1567,2013-04-17,5.6,5.6,5.6,5.6
1566,2013-04-16,5.41,5.51,5.13,5.51
1565,2013-04-15,5.7,5.7,5.7,5.7
1564,2013-04-12,5.7,5.7,5.7,5.7
1563,2013-04-11,5.98,5.98,5.98,5.98
1562,2013-04-10,5.98,5.98,5.98,5.98
1561,2013-04-09,5.79,5.89,5.41,5.7
1560,2013-04-08,5.89,5.89,5.89,5.89
1559,2013-04-05,5.51,5.79,5.51,5.79
1558,2013-04-04,5.79,5.79,5.79,5.79
1557,2013-04-03,5.79,5.79,5.7,5.79
1556,2013-04-02,5.79,5.79,5.79,5.79
1555,2013-04-01,5.89,5.89,5.89,5.89
1554,2013-03-29,5.7,5.7,5.7,5.7
1553,2013-03-28,5.89,5.98,5.41,5.89
1552,2013-03-27,5.6,5.89,5.6,5.89
1551,2013-03-26,5.79,5.98,5.79,5.98
1550,2013-03-25,5.79,5.79,5.79,5.79
1549,2013-03-22,5.89,5.89,5.6,5.89
1548,2013-03-21,5.98,5.98,5.89,5.98
1547,2013-03-20,5.98,5.98,5.7,5.98
1546,2013-03-19,5.98,5.98,5.6,5.79
1545,2013-03-18,5.98,5.98,5.98,5.98
1544,2013-03-15,5.79,5.89,5.79,5.89
1543,2013-03-14,5.98,5.98,5.51,5.51
1542,2013-03-13,5.6,5.89,5.51,5.79
1541,2013-03-12,5.51,6.17,5.41,6.08
1540,2013-03-11,5.89,5.98,5.41,5.98
1539,2013-03-08,6.08,6.08,5.98,5.98
1538,2013-03-07,5.98,6.46,5.51,6.46
1537,2013-03-06,6.08,6.08,6.08,6.08
1536,2013-03-05,5.41,5.89,5.32,5.7
1535,2013-03-04,5.51,5.89,5.32,5.89
1534,2013-03-01,5.79,5.89,5.79,5.89
1533,2013-02-28,5.89,5.89,5.51,5.89
1532,2013-02-27,5.51,5.7,5.51,5.7
1531,2013-02-26,6.17,6.17,5.7,5.7
1530,2013-02-25,6.27,6.27,6.27,6.27
1529,2013-02-22,6.08,6.46,5.98,6.27
1528,2013-02-21,6.46,6.46,6.17,6.46
1527,2013-02-20,5.98,6.46,5.98,6.46
1526,2013-02-19,6.65,6.65,6.17,6.46
1525,2013-02-18,6.17,6.55,6.17,6.55
1524,2013-02-08,5.79,6.27,5.79,6.27
1523,2013-02-07,5.6,5.89,5.6,5.79
1522,2013-02-06,5.79,5.79,5.7,5.79
1521,2013-02-05,5.7,5.7,5.7,5.7
1520,2013-02-04,5.89,5.89,5.7,5.7
1519,2013-02-01,5.98,6.08,5.7,5.7
1518,2013-01-31,6.17,6.17,6.17,6.17
1517,2013-01-30,5.7,6.36,5.7,6.17
1516,2013-01-29,6.36,6.36,5.98,5.98
1515,2013-01-28,5.98,6.17,5.89,6.08
1514,2013-01-25,6.36,6.46,6.27,6.46
1513,2013-01-24,5.89,6.36,5.89,6.27
1512,2013-01-23,6.27,6.27,6.17,6.27
1511,2013-01-22,6.46,6.46,5.98,6.27
1510,2013-01-21,6.17,6.46,6.08,6.46
1509,2013-01-18,6.17,6.55,6.17,6.55
1508,2013-01-17,6.55,6.65,6.36,6.65
1507,2013-01-16,6.74,6.74,6.36,6.74
1506,2013-01-15,6.55,6.74,6.55,6.65
1505,2013-01-14,6.74,6.74,6.36,6.65
1504,2013-01-11,6.55,6.84,6.46,6.65
1503,2013-01-10,6.17,6.74,6.17,6.74
1502,2013-01-09,6.84,7.12,6.36,6.36
1501,2013-01-08,6.17,6.84,6.17,6.84
1500,2013-01-07,6.17,6.46,6.17,6.46
1499,2013-01-04,5.7,6.08,5.7,6.08
1498,2013-01-03,6.17,6.17,5.7,5.7
1497,2013-01-02,5.98,6.17,5.7,6.17
1496,2012-12-28,5.79,5.89,5.6,5.79
1495,2012-12-27,5.51,5.6,5.41,5.6
1494,2012-12-26,5.32,5.41,5.32,5.41
1493,2012-12-25,5.6,5.7,5.41,5.41
1492,2012-12-24,5.6,5.6,5.6,5.6
1491,2012-12-21,5.6,5.6,5.6,5.6
1490,2012-12-20,5.6,5.6,5.6,5.6
1489,2012-12-19,5.6,5.6,5.51,5.6
1488,2012-12-18,5.6,5.6,5.32,5.6
1487,2012-12-17,5.22,5.6,5.22,5.6
1486,2012-12-14,5.51,5.7,5.51,5.51
1485,2012-12-13,5.51,5.7,5.51,5.6
1484,2012-12-12,5.32,5.7,5.32,5.7
1483,2012-12-11,5.7,5.7,5.51,5.51
1482,2012-12-10,5.6,5.7,5.32,5.7
1481,2012-12-07,5.51,5.6,5.51,5.6
1480,2012-12-06,5.6,5.6,5.6,5.6
1479,2012-12-05,5.7,5.7,5.51,5.51
1478,2012-12-04,5.32,5.7,5.32,5.7
1477,2012-12-03,5.32,5.7,5.32,5.7
1476,2012-11-30,5.41,5.6,5.32,5.6
1475,2012-11-29,5.6,5.6,5.6,5.6
1474,2012-11-28,5.22,5.32,5.22,5.32
1473,2012-11-27,5.41,5.51,5.03,5.51
1472,2012-11-26,5.22,5.22,5.22,5.22
1471,2012-11-23,5.51,5.51,5.51,5.51
1470,2012-11-22,5.51,5.51,5.41,5.41
1469,2012-11-21,5.6,5.6,5.6,5.6
1468,2012-11-20,5.7,5.7,5.6,5.6
1467,2012-11-19,5.22,5.7,5.22,5.7
1466,2012-11-16,5.32,5.6,5.32,5.6
1465,2012-11-15,5.51,5.6,5.32,5.6
1464,2012-11-14,5.6,5.6,5.32,5.41
1463,2012-11-13,5.41,5.7,5.32,5.41
1462,2012-11-12,5.89,5.89,5.7,5.7
1461,2012-11-09,5.89,5.89,5.51,5.7
1460,2012-11-08,5.22,5.7,5.22,5.7
1459,2012-11-07,5.89,5.89,5.41,5.41
1458,2012-11-06,5.98,5.98,5.6,5.89
1457,2012-11-05,5.98,5.98,5.98,5.98
1456,2012-11-02,5.98,5.98,5.98,5.98
1455,2012-11-01,5.98,5.98,5.98,5.98
1454,2012-10-31,5.98,5.98,5.6,5.89
1453,2012-10-30,6.27,6.27,5.79,5.79
1452,2012-10-29,5.98,5.98,5.98,5.98
1451,2012-10-26,5.98,5.98,5.89,5.98
1450,2012-10-25,5.79,5.89,5.79,5.89
1449,2012-10-24,5.89,5.98,5.89,5.98
1448,2012-10-23,6.08,6.08,5.79,6.08
1447,2012-10-22,5.6,6.08,5.6,6.08
1446,2012-10-19,5.98,6.08,5.51,6.08
1445,2012-10-18,5.98,5.98,5.7,5.7
1444,2012-10-17,5.79,5.98,5.79,5.98
1443,2012-10-16,5.98,6.17,5.98,5.98
1442,2012-10-15,5.7,5.98,5.7,5.89
1441,2012-10-12,5.7,5.7,5.41,5.41
1440,2012-10-11,5.51,5.51,5.51,5.51
1439,2012-10-10,5.41,5.7,5.41,5.7
1438,2012-10-09,5.89,5.89,5.51,5.7
1437,2012-10-08,5.89,5.89,5.7,5.89
1436,2012-10-05,5.6,5.89,5.6,5.89
1435,2012-10-04,5.7,5.7,5.7,5.7
1434,2012-10-03,5.7,5.89,5.7,5.89
1433,2012-10-02,5.51,5.6,5.51,5.6
1432,2012-10-01,5.79,5.98,5.7,5.98
1431,2012-09-28,6.55,6.55,5.98,5.98
1430,2012-09-27,6.27,6.36,6.08,6.36
1429,2012-09-26,6.36,6.36,6.08,6.36
1428,2012-09-25,6.65,6.65,6.36,6.36
1427,2012-09-24,6.55,6.65,6.55,6.65
1426,2012-09-21,6.65,6.65,6.46,6.65
1425,2012-09-20,6.27,6.55,6.27,6.55
1424,2012-09-19,6.17,6.55,6.17,6.55
1423,2012-09-18,6.36,6.46,6.27,6.46
1422,2012-09-17,6.55,6.65,6.36,6.55
1421,2012-09-14,6.46,6.65,6.46,6.55
1420,2012-09-13,6.36,6.36,6.08,6.36
1419,2012-09-12,5.98,6.36,5.7,6.36
1418,2012-09-11,5.89,6.36,5.6,6.36
1417,2012-09-10,6.08,6.08,5.98,5.98
1416,2012-09-07,6.36,6.55,6.36,6.36
1415,2012-09-06,6.55,6.55,6.46,6.55
1414,2012-09-05,6.55,6.55,6.55,6.55
1413,2012-09-04,6.46,6.84,6.36,6.84
1412,2012-08-31,6.93,6.93,6.46,6.74
1411,2012-08-30,7.12,7.12,6.74,6.74
1410,2012-08-29,6.74,6.84,6.65,6.84
1409,2012-08-28,6.36,6.46,6.27,6.46
1408,2012-08-27,6.36,6.36,6.36,6.36
1407,2012-08-24,6.27,6.84,6.27,6.74
1406,2012-08-23,6.65,6.65,6.65,6.65
1405,2012-08-22,7.6,7.6,7.12,7.31
1404,2012-08-21,7.69,7.69,7.5,7.6
1403,2012-08-20,7.98,7.98,7.69,7.98
1402,2012-08-17,7.69,7.98,7.69,7.98
1401,2012-08-16,8.26,8.26,7.6,8.07
1400,2012-08-15,7.88,7.88,7.79,7.88
1399,2012-08-14,7.79,7.98,7.69,7.98
1398,2012-08-13,7.6,7.98,7.6,7.98
1397,2012-08-10,7.69,7.98,7.69,7.98
1396,2012-08-09,8.07,8.17,8.07,8.17
1395,2012-08-08,8.07,8.07,7.79,8.07
1394,2012-08-07,7.79,7.79,7.79,7.79
1393,2012-08-06,7.98,8.07,7.88,8.07
1392,2012-08-03,7.98,7.98,7.6,7.98
1391,2012-08-02,7.98,7.98,7.98,7.98
1390,2012-08-01,7.5,7.98,7.5,7.79
1389,2012-07-31,7.69,7.88,7.6,7.88
1388,2012-07-30,7.88,7.88,7.69,7.69
1387,2012-07-27,7.98,7.98,7.79,7.88
1386,2012-07-26,8.45,8.45,8.07,8.36
1385,2012-07-25,8.17,8.45,7.98,8.45
1384,2012-07-24,7.79,8.26,7.79,8.26
1383,2012-07-23,8.36,8.36,8.17,8.17
1382,2012-07-20,8.74,8.74,8.36,8.45
1381,2012-07-19,8.74,8.93,8.26,8.93
1380,2012-07-18,8.74,8.74,8.36,8.64
1379,2012-07-17,8.45,8.74,8.36,8.74
1378,2012-07-16,8.64,8.64,8.26,8.26
1377,2012-07-13,8.26,8.74,8.26,8.55
1376,2012-07-12,8.07,8.26,7.98,8.26
1375,2012-07-11,7.69,8.17,7.69,7.79
1374,2012-07-10,7.6,7.69,7.31,7.69
1373,2012-07-09,7.22,7.41,7.22,7.41
1372,2012-07-06,7.5,7.79,7.5,7.79
1371,2012-07-05,7.12,7.6,7.12,7.6
1370,2012-07-04,7.12,7.31,6.93,7.12
1369,2012-07-03,7.5,7.5,7.22,7.5
1368,2012-07-02,7.69,7.69,7.5,7.5
1367,2012-06-29,7.88,7.88,7.6,7.6
1366,2012-06-28,7.6,7.79,7.6,7.79
1365,2012-06-27,8.07,8.07,7.69,7.69
1364,2012-06-26,8.07,8.07,7.88,8.07
1363,2012-06-25,8.45,8.45,8.17,8.36
1362,2012-06-22,8.55,8.64,8.36,8.36
1361,2012-06-21,8.64,8.64,8.55,8.55
1360,2012-06-20,8.55,8.83,8.55,8.83
1359,2012-06-19,8.83,8.93,8.45,8.45
1358,2012-06-18,8.83,9.02,8.83,9.02
1357,2012-06-15,8.83,8.83,8.74,8.83
1356,2012-06-14,8.74,8.74,8.55,8.74
1355,2012-06-13,8.64,8.93,8.55,8.83
1354,2012-06-12,8.64,8.83,8.55,8.64
1353,2012-06-11,8.83,8.93,8.64,8.83
1352,2012-06-08,9.4,9.4,8.83,8.83
1351,2012-06-07,8.83,9.21,8.83,9.21
1350,2012-06-06,8.55,8.83,8.55,8.74
1349,2012-06-05,8.45,8.74,8.17,8.74
1348,2012-06-04,8.36,8.45,8.17,8.26
1347,2012-06-01,8.64,8.83,8.36,8.74
1346,2012-05-31,8.93,8.93,8.45,8.55
1345,2012-05-30,8.83,9.02,8.83,9.02
1344,2012-05-29,8.93,9.21,8.83,8.83
1343,2012-05-28,9.4,9.4,9.02,9.31
1342,2012-05-25,9.12,9.31,8.83,9.31
1341,2012-05-24,8.93,9.4,8.45,9.02
1340,2012-05-23,9.21,9.4,9.02,9.02
1339,2012-05-22,9.97,9.97,9.49,9.68
1338,2012-05-21,9.4,9.59,9.21,9.59
1337,2012-05-18,9.49,9.59,9.02,9.02
1336,2012-05-17,9.97,10.06,9.68,9.68
1335,2012-05-16,9.78,10.06,9.68,10.06
1334,2012-05-15,9.97,10.16,9.59,9.68
1333,2012-05-14,10.73,10.82,10.16,10.16
1332,2012-05-11,11.49,11.58,10.82,10.82
1331,2012-05-10,12.15,12.34,11.39,11.58
1330,2012-05-09,11.49,12.34,11.3,12.15
1329,2012-05-08,11.77,11.77,11.58,11.68
1328,2012-05-07,10.35,11.01,10.35,11.01
1327,2012-05-04,10.63,10.63,10.25,10.44
1326,2012-05-03,10.06,10.54,9.87,10.35
1325,2012-05-02,9.59,9.97,9.59,9.97
1324,2012-04-27,9.31,9.49,9.12,9.31
1323,2012-04-26,9.59,9.68,9.21,9.31
1322,2012-04-25,9.59,9.87,9.4,9.68
1321,2012-04-24,9.21,9.49,9.12,9.49
1320,2012-04-23,9.31,9.59,9.31,9.49
1319,2012-04-20,9.68,9.68,9.4,9.49
1318,2012-04-19,9.78,9.97,9.4,9.97
1317,2012-04-18,9.97,10.06,9.68,10.06
1316,2012-04-17,9.97,10.16,9.68,10.06
1315,2012-04-16,9.4,9.97,9.31,9.97
1314,2012-04-13,9.4,9.49,9.21,9.4
1313,2012-04-12,9.49,9.49,9.21,9.4
1312,2012-04-11,9.21,9.49,9.12,9.4
1311,2012-04-10,9.49,9.49,8.93,9.12
1310,2012-04-09,8.55,9.21,8.07,9.21
1309,2012-04-06,8.74,9.21,8.55,8.55
1308,2012-04-05,9.31,9.31,8.83,9.02
1307,2012-04-04,9.78,9.87,9.4,9.49
1306,2012-04-03,9.68,10.16,9.49,9.87
1305,2012-03-30,10.06,10.25,9.68,9.68
1304,2012-03-29,10.44,10.73,9.97,10.35
1303,2012-03-28,9.97,10.35,9.87,10.35
1302,2012-03-27,11.01,11.01,10.06,10.06
1301,2012-03-26,10.44,10.82,10.44,10.82
1300,2012-03-23,10.16,10.35,9.87,10.25
1299,2012-03-22,10.35,10.35,9.97,10.06
1298,2012-03-21,10.44,10.73,10.16,10.35
1297,2012-03-20,9.68,10.35,9.68,10.35
1296,2012-03-19,9.78,9.97,9.49,9.68
1295,2012-03-16,10.25,10.25,9.87,9.87
1294,2012-03-15,9.49,10.06,9.4,10.06
1293,2012-03-14,9.97,9.97,9.4,9.49
1292,2012-03-13,9.68,10.25,9.4,9.97
1291,2012-03-12,9.68,10.25,9.59,9.59
1290,2012-03-09,10.35,10.73,10.06,10.16
1289,2012-03-08,10.92,10.92,10.25,10.63
1288,2012-03-07,10.25,10.25,9.97,10.25
1287,2012-03-06,9.59,9.59,9.4,9.59
1286,2012-03-05,8.93,9.02,8.93,9.02
1285,2012-03-02,8.17,8.55,8.17,8.55
1284,2012-03-01,8.36,8.36,7.98,8.17
1283,2012-02-29,8.26,8.55,8.17,8.45
1282,2012-02-28,8.74,8.74,8.07,8.17
1281,2012-02-27,7.69,8.55,7.69,8.55
1280,2012-02-24,7.98,8.17,7.79,8.07
1279,2012-02-23,7.98,8.26,7.69,8.17
1278,2012-02-22,7.5,8.07,7.5,7.98
1277,2012-02-21,8.07,8.07,7.5,7.6
1276,2012-02-20,7.6,7.6,7.6,7.6
1275,2012-02-17,7.12,7.12,7.12,7.12
1274,2012-02-16,6.36,6.84,6.36,6.84
1273,2012-02-15,6.55,6.55,6.36,6.46
1272,2012-02-14,6.55,6.65,6.55,6.65
1271,2012-02-13,6.46,6.46,6.36,6.46
1270,2012-02-10,6.65,6.65,6.27,6.36
1269,2012-02-09,6.84,6.84,6.46,6.46
1268,2012-02-08,6.65,6.84,6.65,6.84
1267,2012-02-07,6.55,6.74,6.36,6.65
1266,2012-02-06,6.84,6.84,6.36,6.36
1265,2012-02-03,7.12,7.12,6.46,6.65
1264,2012-02-02,6.55,6.93,6.55,6.93
1263,2012-02-01,6.36,6.65,6.36,6.65
1262,2012-01-31,6.55,6.65,6.46,6.46
1261,2012-01-30,6.36,6.46,6.36,6.36
1260,2012-01-20,6.27,6.36,5.98,5.98
1259,2012-01-19,5.98,6.08,5.98,6.08
1258,2012-01-18,5.7,5.79,5.7,5.79
1257,2012-01-17,5.79,5.89,5.7,5.7
1256,2012-01-16,5.89,5.89,5.7,5.89
1255,2012-01-13,5.89,5.89,5.7,5.7
1254,2012-01-12,5.7,5.7,5.7,5.7
1253,2012-01-11,6.08,6.08,5.79,5.79
1252,2012-01-10,5.7,5.98,5.7,5.98
1251,2012-01-09,5.7,5.79,5.41,5.7
1250,2012-01-06,5.98,5.98,5.79,5.79
1249,2012-01-05,6.17,6.36,5.98,5.98
1248,2012-01-04,6.08,6.08,5.79,5.89
1247,2012-01-03,5.98,5.98,5.89,5.89
1246,2011-12-30,5.7,5.79,5.6,5.79
1245,2011-12-29,5.7,5.7,5.51,5.6
1244,2011-12-28,5.22,5.51,5.22,5.51
1243,2011-12-27,5.22,5.32,5.22,5.22
1242,2011-12-26,5.6,5.6,5.51,5.6
1241,2011-12-23,5.89,5.89,5.7,5.79
1240,2011-12-22,5.6,6.08,5.6,5.89
1239,2011-12-21,6.17,6.17,5.79,6.08
1238,2011-12-20,6.27,6.27,5.89,5.89
1237,2011-12-19,6.46,6.46,6.17,6.46
1236,2011-12-16,6.17,6.55,6.17,6.36
1235,2011-12-15,6.46,6.46,6.17,6.27
1234,2011-12-14,6.65,6.65,6.46,6.46
1233,2011-12-13,6.65,6.93,6.65,6.65
1232,2011-12-12,6.84,6.84,6.65,6.74
1231,2011-12-09,6.93,6.93,6.74,6.84
1230,2011-12-08,7.41,7.41,7.03,7.03
1229,2011-12-07,7.6,7.6,7.22,7.5
1228,2011-12-06,7.41,7.6,7.31,7.41
1227,2011-12-05,7.5,7.5,7.31,7.5
1226,2011-12-02,7.03,7.12,6.93,6.93
1225,2011-12-01,6.55,7.03,6.55,7.03
1224,2011-11-30,6.93,7.03,6.93,6.93
1223,2011-11-29,7.12,7.12,6.74,6.84
1222,2011-11-28,7.41,7.41,7.12,7.12
1221,2011-11-25,7.12,7.31,7.03,7.31
1220,2011-11-24,7.79,7.79,7.41,7.41
1219,2011-11-23,7.6,7.88,7.22,7.88
1218,2011-11-22,7.6,7.6,7.22,7.41
1217,2011-11-21,7.69,7.69,7.41,7.6
1216,2011-11-18,7.69,7.88,7.69,7.79
1215,2011-11-17,8.55,8.55,8.07,8.07
1214,2011-11-16,8.55,8.74,8.26,8.64
1213,2011-11-15,7.98,8.55,7.98,8.07
1212,2011-11-14,8.55,8.55,8.17,8.17
1211,2011-11-11,8.83,8.83,8.64,8.64
1210,2011-11-10,9.21,9.21,8.83,8.83
1209,2011-11-09,8.93,8.93,8.64,8.64
1208,2011-11-08,8.83,9.12,8.83,8.83
1207,2011-11-07,9.59,9.59,9.12,9.31
1206,2011-11-04,9.78,9.78,9.4,9.4
1205,2011-11-03,9.31,9.49,9.21,9.4
1204,2011-11-02,9.49,9.49,9.31,9.31
1203,2011-11-01,9.87,9.87,9.49,9.49
1202,2011-10-31,10.35,10.35,9.78,9.87
1201,2011-10-28,9.49,10.25,9.49,10.25
1200,2011-10-27,9.59,9.59,9.49,9.59
1199,2011-10-26,9.78,9.78,9.49,9.59
1198,2011-10-25,9.97,9.97,9.68,9.78
1197,2011-10-24,10.16,10.16,9.87,9.87
1196,2011-10-21,9.78,10.16,9.78,10.06
1195,2011-10-20,9.68,9.78,9.68,9.68
1194,2011-10-19,9.68,9.78,9.49,9.78
1193,2011-10-18,9.68,9.78,9.59,9.78
1192,2011-10-17,9.97,9.97,9.78,9.78
1191,2011-10-14,10.16,10.16,9.97,9.97
1190,2011-10-13,10.06,10.06,9.87,9.97
1189,2011-10-12,10.06,10.25,9.87,9.97
1188,2011-10-11,10.44,10.44,10.25,10.35
1187,2011-10-10,10.25,10.54,10.25,10.25
1186,2011-10-07,10.63,10.73,10.44,10.44
1185,2011-10-06,10.44,10.82,10.44,10.82
1184,2011-10-05,10.92,10.92,10.25,10.44
1183,2011-10-04,10.16,10.73,9.97,10.54
1182,2011-10-03,10.54,10.63,10.25,10.35
1181,2011-09-30,10.82,11.11,10.82,10.82
1180,2011-09-29,11.39,11.39,10.82,10.92
1179,2011-09-28,11.68,11.68,11.3,11.3
1178,2011-09-27,11.68,11.68,11.39,11.39
1177,2011-09-26,11.87,11.87,11.49,11.49
1176,2011-09-23,11.58,12.15,11.49,11.77
1175,2011-09-22,11.39,11.87,11.3,11.68
1174,2011-09-21,11.58,11.58,11.01,11.39
1173,2011-09-20,11.77,11.77,11.11,11.2
1172,2011-09-19,11.39,11.77,11.39,11.77
1171,2011-09-16,12.06,12.06,11.39,11.49
1170,2011-09-15,12.25,12.34,11.87,11.87
1169,2011-09-14,13.1,13.1,12.06,12.15
1168,2011-09-13,13.2,13.2,12.63,12.72
1167,2011-09-12,12.34,12.82,12.25,12.82
1166,2011-09-09,11.87,12.34,11.68,12.25
1165,2011-09-08,12.34,12.72,11.96,12.06
1164,2011-09-07,12.34,12.72,12.06,12.63
1163,2011-09-06,11.68,12.15,11.2,12.15
1162,2011-09-05,11.2,11.77,10.73,11.49
1161,2011-09-01,11.01,11.58,11.01,11.3
1160,2011-08-31,11.39,11.49,10.92,11.2
1159,2011-08-30,11.39,11.96,11.3,11.3
1158,2011-08-29,11.58,11.68,10.92,11.39
1157,2011-08-26,10.92,10.92,10.82,10.92
1156,2011-08-25,10.25,10.25,9.97,10.25
1155,2011-08-24,9.59,9.87,9.49,9.68
1154,2011-08-23,9.78,9.78,9.49,9.59
1153,2011-08-22,9.21,10.25,9.21,10.25
1152,2011-08-19,9.59,9.78,9.49,9.59
1151,2011-08-18,10.16,10.25,9.78,9.78
1150,2011-08-17,9.87,9.97,9.49,9.97
1149,2011-08-16,9.49,9.59,9.4,9.49
1148,2011-08-15,8.64,9.31,8.55,9.31
1147,2011-08-12,9.02,9.02,8.55,8.74
1146,2011-08-11,8.64,9.12,8.64,8.74
1145,2011-08-10,9.59,9.59,9.21,9.21
1144,2011-08-09,9.31,9.31,9.21,9.21
1143,2011-08-08,9.97,9.97,9.78,9.78
1142,2011-08-05,11.39,11.39,10.16,10.16
1141,2011-08-04,11.01,11.01,10.63,10.92
1140,2011-08-03,10.44,10.44,9.97,10.35
1139,2011-08-02,10.35,10.35,10.25,10.25
1138,2011-08-01,11.01,11.01,10.92,10.92
1137,2011-07-29,11.87,11.87,11.2,11.2
1136,2011-07-28,11.96,11.96,11.3,11.3
1135,2011-07-27,11.39,11.39,10.92,11.39
1134,2011-07-26,10.92,11.68,10.92,11.49
1133,2011-07-25,11.68,11.68,11.39,11.58
1132,2011-07-22,11.68,11.77,11.39,11.77
1131,2011-07-21,11.49,11.49,11.49,11.49
1130,2011-07-20,12.44,12.44,11.87,11.87
1129,2011-07-19,11.68,11.68,11.68,11.68
1128,2011-07-18,11.3,11.58,11.3,11.39
1127,2011-07-15,11.49,11.49,11.01,11.01
1126,2011-07-14,11.01,11.58,11.01,11.3
1125,2011-07-13,11.87,11.87,11.39,11.39
1124,2011-07-12,11.77,11.77,11.11,11.68
1123,2011-07-11,12.15,12.25,11.49,11.58
1122,2011-07-08,11.96,12.53,11.77,12.06
1121,2011-07-07,11.2,11.96,11.2,11.68
1120,2011-07-06,11.68,11.68,11.01,11.2
1119,2011-07-05,11.11,11.2,11.11,11.2
1118,2011-07-04,10.16,10.82,10.16,10.82
1117,2011-07-01,9.97,10.35,9.97,10.35
1116,2011-06-30,10.82,10.82,10.16,10.16
1115,2011-06-29,10.35,10.63,10.35,10.63
1114,2011-06-28,10.63,10.63,10.35,10.35
1113,2011-06-27,10.92,10.92,10.54,10.54
1112,2011-06-24,10.92,10.92,10.82,10.92
1111,2011-06-23,11.08,11.08,10.55,10.73
1110,2011-06-22,10.99,11.25,10.55,10.82
1109,2011-06-21,10.55,11.25,10.55,11.17
1108,2011-06-20,10.55,10.9,10.47,10.47
1107,2011-06-17,11.25,11.34,10.82,10.82
1106,2011-06-16,10.21,11.51,10.12,11.43
1105,2011-06-15,10.9,10.9,10.82,10.82
1104,2011-06-14,11.43,12.04,11.08,11.17
1103,2011-06-13,11.86,11.95,11.51,11.78
1102,2011-06-10,11.34,11.51,11.34,11.51
1101,2011-06-09,10.55,10.9,10.21,10.9
1100,2011-06-08,9.94,10.55,9.68,10.03
1099,2011-06-07,9.86,10.03,9.86,10.03
1098,2011-06-06,9.6,9.6,9.42,9.6
1097,2011-06-03,10.73,10.82,9.68,10.03
1096,2011-06-02,10.21,10.21,10.03,10.21
1095,2011-06-01,9.42,9.6,9.42,9.6
1094,2011-05-31,8.98,9.16,8.81,9.07
1093,2011-05-30,10.03,10.03,8.98,8.98
1092,2011-05-27,8.81,9.94,8.81,9.51
1091,2011-05-26,9.42,10.29,9.07,9.68
1090,2011-05-25,9.68,9.68,9.68,9.68
1089,2011-05-24,10.55,10.82,10.38,10.38
1088,2011-05-23,11.34,11.43,10.9,10.99
1087,2011-05-20,11.86,11.86,11.51,11.78
1086,2011-05-19,12.3,12.3,11.69,11.69
1085,2011-05-18,11.95,11.95,11.6,11.6
1084,2011-05-17,12.04,12.04,11.86,11.86
1083,2011-05-16,12.56,12.56,12.13,12.13
1082,2011-05-13,12.65,12.65,12.65,12.65
1081,2011-05-12,12.65,12.65,12.3,12.39
1080,2011-05-11,12.65,13.0,12.39,12.82
1079,2011-05-10,13.08,13.43,12.82,13.08
1078,2011-05-09,12.65,12.82,12.21,12.82
1077,2011-05-06,11.95,12.39,11.78,12.39
1076,2011-05-05,12.65,12.65,11.78,11.78
1075,2011-05-04,11.95,12.13,11.78,12.13
1074,2011-04-29,11.86,12.13,11.78,11.86
1073,2011-04-28,12.3,12.3,11.95,11.95
1072,2011-04-27,12.39,12.39,12.21,12.21
1071,2011-04-26,12.82,12.82,12.13,12.13
1070,2011-04-25,12.21,12.82,12.21,12.82
1069,2011-04-22,11.95,12.56,11.78,12.56
1068,2011-04-21,12.56,12.56,12.04,12.13
1067,2011-04-20,12.56,13.0,12.47,12.47
1066,2011-04-19,13.0,13.0,12.56,12.74
1065,2011-04-18,13.26,13.26,12.65,12.65
1064,2011-04-15,13.52,13.7,13.17,13.26
1063,2011-04-14,14.31,14.31,13.17,13.17
1062,2011-04-13,13.17,14.57,13.17,13.96
1061,2011-04-08,13.96,14.31,13.96,14.31
1060,2011-04-07,14.65,14.83,14.04,14.22
1059,2011-04-06,14.39,14.48,14.04,14.39
1058,2011-04-05,13.96,14.04,13.78,13.78
1057,2011-04-04,14.22,14.39,13.87,14.13
1056,2011-04-01,14.31,14.39,14.13,14.13
1055,2011-03-31,14.92,14.92,14.39,14.57
1054,2011-03-30,14.13,14.74,14.13,14.31
1053,2011-03-29,14.74,14.83,14.31,14.39
1052,2011-03-28,14.83,15.27,14.74,14.74
1051,2011-03-25,16.57,16.57,15.18,15.27
1050,2011-03-24,16.49,16.49,15.44,15.79
1049,2011-03-23,16.14,16.14,15.18,15.35
1048,2011-03-22,15.0,15.79,14.74,15.79
1047,2011-03-21,15.0,15.18,14.39,14.39
1046,2011-03-18,14.22,14.92,14.22,14.92
1045,2011-03-17,14.22,14.22,13.78,14.13
1044,2011-03-16,14.48,14.48,13.52,14.22
1043,2011-03-15,14.13,14.31,13.96,14.04
1042,2011-03-14,15.27,15.35,14.92,14.92
1041,2011-03-11,16.4,16.49,15.53,15.7
1040,2011-03-10,14.65,15.44,14.57,15.44
1039,2011-03-09,13.61,14.92,13.17,14.92
1038,2011-03-08,13.52,13.96,13.35,13.96
1037,2011-03-07,12.91,13.26,12.91,13.17
1036,2011-03-04,13.43,13.52,13.0,13.08
1035,2011-03-03,12.65,13.26,12.65,13.0
1034,2011-03-02,13.61,13.61,13.0,13.08
1033,2011-03-01,13.96,13.96,13.61,13.61
1032,2011-02-28,13.26,14.31,13.26,13.87
1031,2011-02-25,13.96,14.48,13.78,14.48
1030,2011-02-24,13.96,14.57,13.61,13.78
1029,2011-02-23,15.0,15.0,14.22,14.83
1028,2011-02-22,14.04,14.92,14.04,14.39
1027,2011-02-21,16.31,16.31,14.92,14.92
1026,2011-02-18,15.96,16.22,15.7,15.79
1025,2011-02-17,17.01,17.01,16.14,16.22
1024,2011-02-16,17.45,17.45,17.01,17.27
1023,2011-02-15,17.71,17.71,17.27,17.45
1022,2011-02-14,18.32,18.32,17.53,17.71
1021,2011-02-11,17.8,18.32,17.53,18.32
1020,2011-02-10,17.71,18.23,17.71,17.8
1019,2011-02-09,18.49,18.58,17.88,18.23
1018,2011-02-08,17.88,18.32,17.71,18.32
1017,2011-01-28,19.28,19.28,18.23,18.75
1016,2011-01-27,19.02,19.28,18.67,19.28
1015,2011-01-26,18.67,18.67,17.97,18.32
1014,2011-01-25,17.88,18.23,17.45,18.06
1013,2011-01-24,18.84,18.84,18.23,18.23
1012,2011-01-21,19.63,19.89,18.93,19.19
1011,2011-01-20,19.8,19.89,18.84,18.84
1010,2011-01-19,21.28,21.28,19.28,19.54
1009,2011-01-18,20.32,20.32,19.54,20.32
1008,2011-01-17,18.58,19.02,18.49,19.02
1007,2011-01-14,17.88,18.75,17.45,17.97
1006,2011-01-13,18.06,18.75,18.06,18.06
1005,2011-01-12,17.8,18.32,17.8,18.32
1004,2011-01-11,18.14,19.1,17.8,17.8
1003,2011-01-10,20.32,20.32,18.93,18.93
1002,2011-01-07,20.32,20.59,19.98,19.98
1001,2011-01-06,20.24,20.59,20.06,20.41
1000,2011-01-05,21.37,21.37,20.24,20.5
999,2011-01-04,21.81,21.81,20.76,21.37
998,2010-12-31,20.06,20.94,19.98,20.67
997,2010-12-30,19.71,21.2,19.71,19.98
996,2010-12-29,21.81,21.81,20.41,20.41
995,2010-12-28,21.81,22.51,21.55,21.81
994,2010-12-27,22.07,22.16,20.94,21.63
993,2010-12-24,21.81,22.68,21.2,21.2
992,2010-12-23,21.89,21.89,20.85,20.94
991,2010-12-22,22.68,22.85,21.37,21.81
990,2010-12-21,22.24,23.38,22.24,22.33
989,2010-12-20,22.24,23.38,21.28,21.63
988,2010-12-17,23.03,23.38,22.07,22.94
987,2010-12-16,23.12,23.55,22.24,22.24
986,2010-12-15,24.42,24.42,23.12,23.55
985,2010-12-14,23.55,23.55,21.81,22.68
984,2010-12-13,22.07,22.07,22.07,22.07
983,2010-12-10,20.67,20.67,20.67,20.67
982,2010-12-09,19.37,19.37,19.37,19.37
981,2010-12-08,17.01,18.14,17.01,18.14
980,2010-12-07,17.01,18.06,16.66,17.88
979,2010-12-06,18.41,18.75,17.1,17.27
978,2010-12-03,18.23,18.23,17.97,18.23
977,2010-12-02,17.01,18.14,16.14,17.71
976,2010-12-01,18.06,18.23,16.84,16.84
975,2010-11-30,17.71,18.06,17.53,17.97
974,2010-11-29,16.66,17.71,15.7,17.71
973,2010-11-26,16.92,17.01,15.96,17.01
972,2010-11-25,15.35,16.05,15.35,16.05
971,2010-11-24,14.39,15.7,14.13,14.83
970,2010-11-23,14.65,15.18,14.39,14.65
969,2010-11-22,14.48,15.27,13.87,14.83
968,2010-11-19,14.92,15.0,14.57,14.92
967,2010-11-18,12.47,14.22,12.47,14.22
966,2010-11-17,14.04,14.83,13.08,13.08
965,2010-11-16,15.88,15.88,13.96,14.13
964,2010-11-15,14.57,15.96,14.48,14.65
963,2010-11-12,15.79,15.79,15.53,15.61
962,2010-11-11,18.06,18.06,16.31,16.31
961,2010-11-10,17.97,17.97,17.45,17.45
960,2010-11-09,18.67,18.67,17.45,17.45
959,2010-11-08,18.75,19.28,18.41,18.58
958,2010-11-05,18.32,18.93,18.32,18.93
957,2010-11-04,17.71,18.23,17.62,17.71
956,2010-11-03,17.53,18.58,17.45,17.45
955,2010-11-02,17.8,18.41,17.18,17.62
954,2010-11-01,18.32,18.58,18.32,18.41
953,2010-10-29,19.54,19.63,18.75,19.02
952,2010-10-28,21.63,21.63,18.84,19.19
951,2010-10-27,20.94,20.94,19.45,19.54
950,2010-10-26,19.71,19.71,19.02,19.71
949,2010-10-25,19.98,19.98,17.97,19.1
948,2010-10-22,20.85,20.85,18.93,19.02
947,2010-10-21,18.93,20.24,18.93,20.06
946,2010-10-20,18.84,20.32,18.84,18.93
945,2010-10-19,20.24,21.63,20.15,20.24
944,2010-10-18,21.02,22.59,21.02,21.37
943,2010-10-15,22.24,23.47,22.24,22.42
942,2010-10-14,23.64,24.16,22.85,23.2
941,2010-10-13,23.2,23.9,21.81,23.2
940,2010-10-12,23.38,23.9,22.94,22.94
939,2010-10-11,24.77,24.77,23.64,23.73
938,2010-10-08,23.2,24.51,23.2,24.42
937,2010-10-07,23.29,24.69,23.29,23.38
936,2010-10-06,23.55,23.73,22.33,23.12
935,2010-10-05,22.85,23.55,22.07,22.94
934,2010-10-04,24.08,24.25,23.2,23.2
933,2010-10-01,25.3,25.73,24.42,24.51
932,2010-09-30,24.34,25.65,23.55,25.21
931,2010-09-29,25.3,25.47,24.08,24.34
930,2010-09-28,25.73,26.43,25.04,25.21
929,2010-09-27,26.69,26.95,25.47,25.56
928,2010-09-24,27.04,27.48,26.17,26.34
927,2010-09-23,27.48,28.52,26.78,27.74
926,2010-09-22,25.82,27.48,25.73,27.48
925,2010-09-21,25.3,27.04,24.42,25.73
924,2010-09-20,26.17,27.39,24.86,25.21
923,2010-09-17,25.12,26.08,25.12,26.08
922,2010-09-16,25.3,25.3,23.38,24.77
921,2010-09-15,25.21,26.34,24.25,24.51
920,2010-09-14,23.55,25.56,23.55,25.12
919,2010-09-13,25.12,26.08,25.12,25.12
918,2010-09-10,27.3,29.57,25.73,25.73
917,2010-09-09,28.79,28.79,26.61,27.91
916,2010-09-08,28.35,28.35,26.52,27.39
915,2010-09-07,26.52,26.52,26.17,26.52
914,2010-09-06,24.86,24.86,24.77,24.86
913,2010-09-01,21.72,23.38,21.72,23.38
912,2010-08-31,21.72,22.85,20.59,21.98
911,2010-08-30,21.72,22.42,20.76,21.72
910,2010-08-27,21.81,22.33,20.59,20.76
909,2010-08-26,22.24,22.33,21.37,21.55
908,2010-08-25,19.45,21.02,19.45,21.02
907,2010-08-24,20.06,20.06,19.63,19.8
906,2010-08-23,22.42,22.42,20.5,20.59
905,2010-08-20,21.37,22.33,21.02,22.07
904,2010-08-19,22.68,22.94,21.46,21.81
903,2010-08-18,22.85,23.2,22.24,22.94
902,2010-08-17,23.12,23.38,22.07,22.59
901,2010-08-16,21.02,21.98,21.02,21.98
900,2010-08-13,19.63,21.02,18.75,21.02
899,2010-08-12,20.5,21.37,19.45,19.89
898,2010-08-11,20.5,21.72,19.19,21.28
897,2010-08-10,20.94,20.94,20.24,20.24
896,2010-08-09,22.59,22.94,20.94,21.63
895,2010-08-06,20.94,21.63,20.24,21.63
894,2010-08-05,20.06,20.94,19.37,20.94
893,2010-08-04,21.02,21.02,19.8,20.94
892,2010-08-03,19.71,19.71,19.71,19.71
891,2010-08-02,18.49,18.49,18.49,18.49
890,2010-07-30,17.36,17.36,17.36,17.36
889,2010-07-29,15.79,16.22,15.7,16.22
888,2010-07-28,15.79,15.88,14.74,14.83
887,2010-07-27,15.96,16.14,15.44,15.96
886,2010-07-26,16.31,16.57,15.7,15.7
885,2010-07-23,17.36,17.45,16.57,16.57
884,2010-07-22,17.97,17.97,16.84,16.92
883,2010-07-21,18.32,18.41,17.36,18.23
882,2010-07-20,16.31,17.62,16.14,17.62
881,2010-07-19,17.36,17.36,16.31,16.49
880,2010-07-16,17.71,18.23,17.01,17.27
879,2010-07-15,17.01,18.23,16.57,17.62
878,2010-07-14,17.88,17.97,16.92,17.45
877,2010-07-13,16.22,16.92,16.22,16.92
876,2010-07-12,15.79,16.66,15.35,15.88
875,2010-07-09,15.27,16.31,14.65,16.31
874,2010-07-08,16.57,16.57,15.09,15.18
873,2010-07-07,17.18,17.18,15.53,15.96
872,2010-07-06,16.14,16.14,15.88,16.14
871,2010-07-05,15.09,15.09,15.09,15.09
870,2010-07-02,13.7,14.39,13.43,14.39
869,2010-07-01,13.26,13.87,13.26,13.52
868,2010-06-30,13.35,13.61,12.74,13.43
867,2010-06-29,13.87,13.96,13.43,13.43
866,2010-06-28,13.7,14.04,13.26,13.96
865,2010-06-25,13.52,13.61,12.91,13.35
864,2010-06-24,13.87,13.96,13.52,13.7
863,2010-06-23,13.61,14.04,13.26,13.78
862,2010-06-22,14.83,15.0,13.61,13.87
861,2010-06-21,14.13,14.13,13.96,14.13
860,2010-06-18,12.91,13.61,12.65,13.61
859,2010-06-17,12.65,12.91,12.56,12.56
858,2010-06-16,13.0,13.08,12.65,12.82
857,2010-06-15,12.3,12.65,12.3,12.56
856,2010-06-14,12.39,12.65,12.21,12.65
855,2010-06-11,12.74,12.74,12.21,12.3
854,2010-06-10,12.13,12.65,12.13,12.39
853,2010-06-09,12.91,12.91,12.13,12.3
852,2010-06-08,12.39,12.56,11.95,12.56
851,2010-06-07,12.21,12.47,12.04,12.04
850,2010-06-04,13.17,13.17,12.65,12.82
849,2010-06-03,13.43,13.61,12.91,13.35
848,2010-06-02,12.21,13.35,12.21,12.91
847,2010-06-01,13.08,13.08,12.04,12.65
846,2010-05-31,13.61,13.96,12.65,12.82
845,2010-05-28,13.08,13.43,13.08,13.43
844,2010-05-27,12.47,12.82,11.78,12.65
843,2010-05-26,12.21,12.65,11.86,12.65
842,2010-05-25,11.69,12.39,11.34,11.78
841,2010-05-24,12.13,12.13,11.25,11.6
840,2010-05-21,11.78,12.04,11.34,11.34
839,2010-05-20,11.86,12.91,11.69,12.47
838,2010-05-19,13.26,13.43,12.47,12.47
837,2010-05-18,13.52,13.78,13.17,13.26
836,2010-05-17,13.96,14.48,13.61,13.87
835,2010-05-14,12.65,14.13,12.47,14.13
834,2010-05-13,13.26,13.52,13.26,13.26
833,2010-05-12,14.39,14.39,14.22,14.22
832,2010-05-11,15.7,16.14,15.18,15.18
831,2010-05-10,17.27,17.27,16.14,16.14
830,2010-05-07,17.53,17.71,16.4,16.49
829,2010-05-06,16.57,16.57,16.57,16.57
828,2010-05-05,15.61,15.61,14.65,15.61
827,2010-05-04,14.65,14.65,14.57,14.65
826,2010-04-29,13.73,13.73,13.64,13.73
825,2010-04-28,12.63,13.22,12.21,13.22
824,2010-04-27,12.63,12.63,12.21,12.46
823,2010-04-26,13.05,13.05,12.38,12.38
822,2010-04-22,14.74,14.82,13.05,13.05
821,2010-04-21,13.9,13.98,13.73,13.98
820,2010-04-20,12.89,13.14,12.63,13.14
819,2010-04-19,11.88,12.3,11.88,12.3
818,2010-04-16,11.62,11.96,11.29,11.96
817,2010-04-15,11.12,11.37,11.12,11.37
816,2010-04-14,11.12,11.29,10.95,11.2
815,2010-04-13,11.2,11.37,11.03,11.12
814,2010-04-12,11.37,11.45,11.12,11.2
813,2010-04-09,11.62,11.62,11.2,11.45
812,2010-04-08,11.45,11.45,11.2,11.45
811,2010-04-07,11.12,11.45,10.95,11.2
810,2010-04-06,11.03,11.12,10.7,10.86
809,2010-04-05,10.7,10.95,10.53,10.86
808,2010-04-02,10.7,10.7,10.53,10.61
807,2010-04-01,11.03,11.03,10.27,10.61
806,2010-03-31,10.44,10.53,10.27,10.36
805,2010-03-30,10.86,10.86,10.11,10.53
804,2010-03-29,10.95,10.95,10.78,10.86
803,2010-03-26,10.95,11.2,10.61,10.78
802,2010-03-25,11.37,11.37,10.7,10.86
801,2010-03-24,11.37,11.54,10.86,11.03
800,2010-03-23,10.95,10.95,10.78,10.86
799,2010-03-22,11.03,11.29,10.86,11.12
798,2010-03-19,11.37,11.37,10.95,11.03
797,2010-03-18,10.95,11.37,10.86,11.12
796,2010-03-17,11.62,11.62,10.86,10.95
795,2010-03-16,11.71,11.71,11.12,11.12
794,2010-03-15,11.79,12.04,11.54,11.79
793,2010-03-12,11.37,11.62,11.29,11.54
792,2010-03-11,11.03,11.71,11.03,11.37
791,2010-03-10,11.12,11.45,11.03,11.03
790,2010-03-09,11.54,11.96,11.45,11.71
789,2010-03-08,10.95,11.79,10.95,11.79
788,2010-03-05,11.29,11.71,11.12,11.37
787,2010-03-04,11.2,11.37,10.95,11.03
786,2010-03-03,10.7,11.29,10.53,11.2
785,2010-03-02,10.95,10.95,10.53,10.7
784,2010-03-01,10.86,10.86,10.61,10.7
783,2010-02-26,10.53,10.61,10.11,10.53
782,2010-02-25,10.78,10.78,10.53,10.53
781,2010-02-24,10.86,10.86,10.27,10.7
780,2010-02-23,11.12,11.12,10.7,10.78
779,2010-02-22,11.2,11.2,11.2,11.2
778,2010-02-12,10.86,10.95,10.78,10.95
777,2010-02-11,10.78,10.95,10.78,10.86
776,2010-02-10,10.53,11.03,10.53,10.61
775,2010-02-09,10.78,10.78,10.61,10.7
774,2010-02-08,10.61,10.86,10.61,10.86
773,2010-02-05,10.78,10.78,10.7,10.78
772,2010-02-04,10.7,11.12,10.7,11.12
771,2010-02-03,11.2,11.2,10.78,11.03
770,2010-02-02,11.2,11.2,10.78,10.78
769,2010-02-01,10.95,11.37,10.95,11.12
768,2010-01-29,10.95,11.2,10.86,11.03
767,2010-01-28,11.37,11.37,11.2,11.2
766,2010-01-27,11.71,11.71,10.95,10.95
765,2010-01-26,11.45,11.79,11.45,11.79
764,2010-01-25,11.29,11.29,10.86,11.2
763,2010-01-22,10.95,11.29,10.7,11.29
762,2010-01-21,10.95,11.03,10.36,10.53
761,2010-01-20,11.71,11.71,10.61,10.61
760,2010-01-19,11.03,11.54,11.03,11.37
759,2010-01-18,11.37,11.62,11.03,11.03
758,2010-01-15,12.21,12.21,11.62,11.79
757,2010-01-14,12.46,12.55,11.79,12.38
756,2010-01-13,12.38,12.63,11.54,12.63
755,2010-01-12,12.63,13.05,12.21,12.38
754,2010-01-11,13.22,13.64,12.63,12.89
753,2010-01-08,12.63,13.05,12.21,13.05
752,2010-01-07,11.88,12.46,11.79,12.04
751,2010-01-06,13.48,13.48,12.38,12.46
750,2010-01-05,13.22,13.22,12.72,13.14
749,2010-01-04,12.21,12.38,12.21,12.38
748,2009-12-31,12.21,12.46,11.12,11.71
747,2009-12-30,11.2,11.96,11.2,11.96
746,2009-12-29,12.38,12.55,11.71,11.71
745,2009-12-28,12.63,12.63,11.88,12.3
744,2009-12-25,12.38,12.46,12.21,12.46
743,2009-12-24,11.37,11.96,11.2,11.96
742,2009-12-23,10.86,11.45,10.78,11.37
741,2009-12-22,11.71,11.71,10.7,10.95
740,2009-12-21,11.37,11.37,11.12,11.37
739,2009-12-18,10.53,10.78,10.53,10.78
738,2009-12-17,10.44,10.44,10.02,10.27
737,2009-12-16,11.37,11.37,10.61,10.61
736,2009-12-15,11.45,11.45,10.95,11.2
735,2009-12-14,10.95,11.29,10.95,11.29
734,2009-12-11,10.95,11.79,10.36,10.44
733,2009-12-10,11.2,11.79,10.78,10.95
732,2009-12-09,11.37,11.62,11.2,11.2
731,2009-12-08,12.04,12.3,11.54,11.79
730,2009-12-07,12.13,12.21,11.79,12.21
729,2009-12-04,12.21,12.46,11.96,12.21
728,2009-12-03,11.79,12.3,11.71,12.21
727,2009-12-02,13.81,13.81,12.38,12.38
726,2009-12-01,13.22,13.31,13.05,13.31
725,2009-11-30,12.38,12.63,12.3,12.63
724,2009-11-27,11.54,13.05,11.54,12.13
723,2009-11-26,12.63,12.63,12.38,12.38
722,2009-11-25,14.15,14.15,13.22,13.22
721,2009-11-24,14.4,14.57,13.64,13.9
720,2009-11-23,15.41,15.41,14.15,14.32
719,2009-11-20,15.75,15.75,14.74,14.82
718,2009-11-19,15.16,15.16,13.31,15.16
717,2009-11-18,14.15,14.74,13.73,14.65
716,2009-11-17,15.16,15.41,14.32,14.57
715,2009-11-16,15.16,15.16,14.57,14.82
714,2009-11-13,15.08,15.16,14.74,14.82
713,2009-11-12,15.16,15.24,14.74,15.24
712,2009-11-11,13.9,14.82,13.9,14.82
711,2009-11-10,14.74,14.74,13.56,13.9
710,2009-11-09,15.16,15.16,14.49,14.49
709,2009-11-06,16.76,16.76,14.99,15.16
708,2009-11-05,16.0,16.17,15.33,16.09
707,2009-11-04,16.17,16.25,15.08,15.08
706,2009-11-03,16.84,17.69,15.92,16.0
705,2009-11-02,17.6,18.53,16.42,16.42
704,2009-10-30,17.6,17.6,17.6,17.6
703,2009-10-29,15.83,16.84,15.33,16.84
702,2009-10-28,15.67,16.42,15.33,15.83
701,2009-10-27,16.68,16.68,16.34,16.34
700,2009-10-26,16.76,17.94,16.76,17.52
699,2009-10-23,18.87,19.37,17.18,17.43
698,2009-10-22,18.53,18.53,18.11,18.44
697,2009-10-21,18.53,18.53,17.69,17.94
696,2009-10-20,19.03,19.2,18.11,18.61
695,2009-10-19,19.88,19.88,18.02,18.36
694,2009-10-16,19.71,19.71,18.53,19.03
693,2009-10-15,18.44,18.44,17.85,18.44
692,2009-10-14,16.84,17.85,16.84,17.77
691,2009-10-13,17.69,17.85,16.84,17.27
690,2009-10-12,17.18,17.85,17.18,17.6
689,2009-10-09,16.76,17.52,16.42,17.18
688,2009-10-08,17.18,17.18,16.17,16.51
687,2009-10-07,18.53,18.53,16.76,16.76
686,2009-10-06,17.85,17.85,17.35,17.85
685,2009-10-05,16.0,16.76,16.0,16.76
684,2009-10-02,16.84,16.84,15.24,16.59
683,2009-10-01,17.69,17.69,15.67,15.92
682,2009-09-30,17.1,17.1,16.51,16.84
681,2009-09-29,19.2,19.2,17.27,17.27
680,2009-09-28,18.11,18.61,17.43,18.36
679,2009-09-25,16.51,18.19,16.51,18.19
678,2009-09-24,18.02,18.02,17.6,17.6
677,2009-09-23,19.37,19.37,17.69,18.11
676,2009-09-22,19.12,19.12,17.94,18.95
675,2009-09-21,17.27,18.02,17.27,18.02
674,2009-09-18,16.09,17.18,15.75,17.18
673,2009-09-17,16.42,16.42,15.58,16.42
672,2009-09-16,15.16,15.5,14.49,15.5
671,2009-09-15,14.99,14.99,14.15,14.49
670,2009-09-14,14.15,14.32,13.9,14.15
669,2009-09-11,14.65,14.65,13.73,14.15
668,2009-09-10,13.56,13.73,13.39,13.73
667,2009-09-09,12.38,13.14,12.04,13.14
666,2009-09-08,12.21,12.63,12.04,12.46
665,2009-09-07,13.05,13.05,11.54,11.96
664,2009-09-04,12.3,12.3,11.88,12.3
663,2009-09-03,11.12,11.88,10.86,11.88
662,2009-09-01,11.12,11.2,10.78,11.29
661,2009-08-31,11.12,11.37,10.95,11.29
660,2009-08-28,10.78,11.12,10.78,11.03
659,2009-08-27,10.78,10.86,10.53,10.78
658,2009-08-26,10.61,10.95,10.61,10.86
657,2009-08-25,10.61,10.7,10.36,10.53
656,2009-08-24,10.7,10.7,10.44,10.7
655,2009-08-21,10.53,10.86,10.53,10.61
654,2009-08-20,10.36,10.61,10.36,10.61
653,2009-08-19,10.78,10.78,10.11,10.53
652,2009-08-18,10.86,10.86,10.53,10.7
651,2009-08-17,10.11,10.95,10.11,10.78
650,2009-08-14,10.7,10.95,10.11,10.61
649,2009-08-13,10.78,10.86,10.53,10.61
648,2009-08-12,11.37,11.37,10.78,10.86
647,2009-08-11,11.71,11.79,10.95,11.37
646,2009-08-10,10.86,11.12,10.7,11.12
645,2009-08-07,10.95,10.95,10.19,10.53
644,2009-08-06,10.95,11.29,10.61,10.61
643,2009-08-05,11.96,11.96,11.03,11.29
642,2009-08-04,11.2,11.2,11.2,11.2
641,2009-08-03,10.53,10.53,10.44,10.53
640,2009-07-31,9.94,9.94,9.69,9.94
639,2009-07-30,9.6,9.6,9.35,9.52
638,2009-07-29,9.85,9.85,9.52,9.6
637,2009-07-28,10.11,10.11,9.77,9.77
636,2009-07-27,10.53,10.61,10.11,10.36
635,2009-07-24,10.11,10.53,10.11,10.53
634,2009-07-23,9.6,10.02,9.43,10.02
633,2009-07-22,9.77,9.85,9.26,9.43
632,2009-07-21,9.6,9.6,9.52,9.52
631,2009-07-20,9.85,9.85,9.1,9.26
630,2009-07-17,10.11,10.11,9.52,9.52
629,2009-07-16,10.11,10.11,9.52,9.85
628,2009-07-15,9.77,9.85,9.6,9.69
627,2009-07-14,9.69,9.94,9.43,9.69
626,2009-07-13,9.52,9.69,9.52,9.69
625,2009-07-10,10.11,10.11,9.69,9.94
624,2009-07-09,9.77,9.85,9.69,9.85
623,2009-07-08,9.69,9.77,9.6,9.6
622,2009-07-07,10.02,10.02,9.6,9.85
621,2009-07-06,9.77,10.02,9.69,10.02
620,2009-07-03,9.94,9.94,9.26,9.52
619,2009-07-02,9.69,9.69,9.26,9.6
618,2009-07-01,9.52,9.52,9.18,9.35
617,2009-06-30,10.53,10.53,9.6,9.77
616,2009-06-29,9.85,10.19,9.85,10.11
615,2009-06-26,10.19,10.78,10.11,10.11
614,2009-06-25,10.95,10.95,10.11,10.19
613,2009-06-24,10.11,10.78,10.11,10.78
612,2009-06-23,10.11,10.27,10.11,10.11
611,2009-06-22,10.95,10.95,10.86,10.86
610,2009-06-19,11.79,11.96,11.2,11.54
609,2009-06-18,11.2,11.2,10.95,11.2
608,2009-06-17,10.02,11.29,10.02,11.29
607,2009-06-16,10.7,10.95,10.7,10.7
606,2009-06-15,12.21,12.21,11.37,11.37
605,2009-06-12,12.72,12.72,11.79,12.13
604,2009-06-11,11.79,12.55,11.54,12.55
603,2009-06-10,13.14,13.14,12.3,12.3
602,2009-06-09,14.23,14.23,12.72,13.05
601,2009-06-08,13.22,13.31,13.05,13.31
600,2009-06-05,12.46,12.46,12.13,12.46
599,2009-06-04,10.95,11.88,10.95,11.88
598,2009-06-03,11.79,11.79,11.12,11.45
597,2009-06-02,12.04,12.13,11.37,11.62
596,2009-06-01,10.95,11.45,10.86,11.45
595,2009-05-29,10.61,11.62,10.44,10.95
594,2009-05-28,12.3,12.3,10.95,10.95
593,2009-05-27,11.79,11.79,11.29,11.79
592,2009-05-26,11.12,11.12,10.36,11.12
591,2009-05-25,9.85,10.53,9.85,10.53
590,2009-05-22,10.44,10.53,9.43,9.77
589,2009-05-21,9.85,9.85,9.85,9.85
588,2009-05-20,9.18,9.26,8.67,9.26
587,2009-05-19,8.84,8.84,8.51,8.76
586,2009-05-18,8.42,8.59,8.34,8.51
585,2009-05-15,8.25,8.59,8.25,8.59
584,2009-05-14,8.0,8.42,7.92,7.92
583,2009-05-13,8.51,8.51,8.09,8.34
582,2009-05-12,7.92,8.34,7.92,8.34
581,2009-05-11,8.84,8.93,8.34,8.67
580,2009-05-08,8.42,8.67,8.17,8.67
579,2009-05-07,8.42,8.84,8.42,8.84
578,2009-05-06,9.26,9.43,8.42,8.84
577,2009-05-05,8.93,9.01,8.84,8.84
576,2009-05-04,8.25,8.42,8.25,8.42
575,2009-04-29,7.75,8.17,7.75,8.0
574,2009-04-28,8.0,8.0,7.66,7.83
573,2009-04-27,7.92,7.92,7.58,7.75
572,2009-04-24,7.75,7.83,7.58,7.83
571,2009-04-23,8.17,8.17,7.83,8.0
570,2009-04-22,8.09,8.17,8.09,8.17
569,2009-04-21,7.33,8.09,7.33,8.09
568,2009-04-20,8.0,8.34,7.83,7.83
567,2009-04-17,9.26,9.26,8.17,8.17
566,2009-04-16,9.1,9.26,8.59,8.67
565,2009-04-15,9.94,9.94,9.1,9.1
564,2009-04-14,10.19,10.19,9.26,9.77
563,2009-04-13,9.6,9.6,9.52,9.6
562,2009-04-10,9.01,9.1,8.84,9.1
561,2009-04-09,8.59,8.84,8.34,8.42
560,2009-04-08,8.84,9.1,8.59,8.59
559,2009-04-07,9.18,9.43,8.84,9.26
558,2009-04-03,9.18,9.18,9.1,9.18
557,2009-04-02,8.59,8.59,8.42,8.59
556,2009-04-01,8.0,8.17,8.0,8.17
555,2009-03-31,7.58,8.0,7.58,8.0
554,2009-03-30,7.66,7.75,7.58,7.75
553,2009-03-27,8.0,8.0,7.75,7.75
552,2009-03-26,7.92,8.17,7.92,8.0
551,2009-03-25,7.83,7.83,7.75,7.75
550,2009-03-24,8.0,8.0,7.66,7.92
549,2009-03-23,7.66,7.66,7.5,7.66
548,2009-03-20,7.66,7.75,7.58,7.66
547,2009-03-19,8.09,8.09,7.66,7.66
546,2009-03-18,7.92,8.17,7.83,8.17
545,2009-03-17,7.66,7.75,7.58,7.66
544,2009-03-16,7.58,7.66,7.24,7.66
543,2009-03-13,7.75,7.75,7.58,7.58
542,2009-03-12,7.58,7.58,7.33,7.33
541,2009-03-11,7.58,7.75,7.58,7.75
540,2009-03-10,7.33,7.41,7.24,7.41
539,2009-03-09,7.24,7.24,7.07,7.24
538,2009-03-06,7.16,7.24,7.16,7.24
537,2009-03-05,7.16,7.24,7.16,7.24
536,2009-03-04,7.24,7.24,7.07,7.07
535,2009-03-03,6.99,6.99,6.91,6.99
534,2009-03-02,7.16,7.16,6.99,6.99
533,2009-02-27,7.16,7.16,7.16,7.16
532,2009-02-26,7.24,7.24,7.07,7.24
531,2009-02-25,6.99,7.24,6.91,7.24
530,2009-02-24,7.16,7.16,6.82,6.91
529,2009-02-23,7.16,7.16,7.07,7.07
528,2009-02-20,7.24,7.24,7.07,7.24
527,2009-02-19,7.33,7.33,7.16,7.33
526,2009-02-18,7.07,7.16,6.99,7.16
525,2009-02-17,7.58,7.58,6.99,7.07
524,2009-02-16,7.16,7.16,7.16,7.16
523,2009-02-13,7.24,7.24,7.24,7.24
522,2009-02-12,7.58,7.66,7.41,7.41
521,2009-02-11,7.58,7.66,7.5,7.66
520,2009-02-10,7.58,7.58,7.58,7.58
519,2009-02-09,8.0,8.0,7.83,7.83
518,2009-02-06,7.66,7.75,7.5,7.66
517,2009-02-05,7.66,7.66,7.5,7.5
516,2009-02-04,8.0,8.0,7.66,7.66
515,2009-02-03,7.66,7.75,7.58,7.66
514,2009-02-02,7.75,8.34,7.75,8.0
513,2009-01-23,8.25,8.25,8.17,8.25
512,2009-01-22,8.17,8.42,8.17,8.25
511,2009-01-21,8.42,8.42,8.42,8.42
510,2009-01-20,8.42,8.59,8.34,8.34
509,2009-01-19,8.09,8.59,8.09,8.51
508,2009-01-16,8.59,8.76,8.42,8.67
507,2009-01-15,8.59,8.67,8.42,8.67
506,2009-01-14,8.67,8.67,8.51,8.59
505,2009-01-13,8.67,8.76,8.42,8.59
504,2009-01-12,8.59,9.01,8.42,8.67
503,2009-01-09,8.84,8.84,8.59,8.76
502,2009-01-08,8.59,8.93,8.59,8.76
501,2009-01-07,9.18,9.18,8.93,9.01
500,2009-01-06,8.42,8.84,8.42,8.84
499,2009-01-05,8.42,8.76,8.42,8.67
498,2009-01-02,9.26,9.26,8.76,8.76
497,2008-12-31,9.18,9.18,8.42,8.67
496,2008-12-30,8.59,8.67,8.34,8.67
495,2008-12-29,8.09,8.25,8.09,8.17
494,2008-12-26,8.09,8.09,7.92,8.09
493,2008-12-25,7.83,8.0,7.83,7.92
492,2008-12-24,8.17,8.17,8.09,8.17
491,2008-12-23,8.0,8.09,7.83,7.92
490,2008-12-22,8.59,8.59,8.17,8.25
489,2008-12-19,8.25,8.51,8.25,8.42
488,2008-12-18,8.17,8.34,8.09,8.34
487,2008-12-17,8.25,8.34,7.92,8.0
486,2008-12-16,8.59,8.59,8.09,8.17
485,2008-12-15,9.01,9.18,8.59,8.59
484,2008-12-12,8.59,8.59,8.42,8.59
483,2008-12-11,8.42,8.42,8.34,8.34
482,2008-12-10,8.34,8.34,8.09,8.09
481,2008-12-09,8.67,8.67,8.17,8.34
480,2008-12-08,8.59,8.59,8.09,8.09
479,2008-12-05,8.84,8.84,8.59,8.67
478,2008-12-04,8.93,9.01,8.93,8.93
477,2008-12-03,8.93,9.01,8.84,8.84
476,2008-12-02,8.93,8.93,8.84,8.84
475,2008-12-01,9.77,9.77,9.26,9.35
474,2008-11-28,9.1,9.6,9.1,9.43
473,2008-11-27,9.18,9.18,8.93,8.93
472,2008-11-26,9.26,9.26,8.93,9.1
471,2008-11-25,9.35,9.35,9.18,9.26
470,2008-11-24,9.69,9.69,9.1,9.18
469,2008-11-21,9.26,9.69,9.26,9.69
468,2008-11-20,9.26,9.77,9.26,9.52
467,2008-11-19,9.69,9.94,9.69,9.77
466,2008-11-18,9.77,9.94,9.77,9.94
465,2008-11-17,9.69,10.11,9.69,9.85
464,2008-11-14,10.53,10.53,10.11,10.19
463,2008-11-13,10.27,10.27,9.94,10.19
462,2008-11-12,9.43,10.44,9.35,10.11
461,2008-11-11,10.11,10.44,9.85,10.02
460,2008-11-10,10.53,10.86,10.02,10.53
459,2008-11-07,10.61,10.78,10.53,10.53
458,2008-11-06,11.45,11.54,10.86,10.95
457,2008-11-05,11.45,11.45,11.45,11.45
456,2008-11-04,10.27,11.12,10.27,11.03
455,2008-11-03,10.36,10.53,10.27,10.27
454,2008-10-31,10.7,10.7,10.36,10.61
453,2008-10-30,10.7,10.7,9.69,10.36
452,2008-10-29,10.02,10.02,9.94,10.02
451,2008-10-28,9.01,10.11,9.01,10.11
450,2008-10-27,9.69,10.11,9.6,9.77
449,2008-10-24,10.86,10.86,10.11,10.11
448,2008-10-23,10.86,11.12,10.78,10.86
447,2008-10-22,11.62,11.79,11.37,11.37
446,2008-10-21,12.55,12.55,11.45,11.79
445,2008-10-20,11.96,11.96,11.54,11.79
444,2008-10-17,12.13,12.21,11.71,11.88
443,2008-10-16,11.79,12.38,11.79,11.96
442,2008-10-15,12.97,12.97,11.79,12.8
441,2008-10-14,12.13,12.13,12.13,12.13
440,2008-10-13,10.78,11.79,10.7,11.54
439,2008-10-10,11.2,12.21,11.2,11.29
438,2008-10-09,11.62,12.46,11.62,12.21
437,2008-10-08,11.37,12.63,11.2,11.62
436,2008-10-07,12.04,12.13,12.04,12.04
435,2008-10-06,13.31,13.31,12.63,12.72
434,2008-10-03,13.9,13.9,13.31,13.81
433,2008-10-02,13.48,13.73,13.05,13.73
432,2008-10-01,12.04,13.56,12.04,13.14
431,2008-09-30,12.8,12.8,12.8,12.8
430,2008-09-29,14.32,14.32,13.48,13.81
429,2008-09-26,13.73,14.65,13.73,14.32
428,2008-09-25,13.05,13.81,13.05,13.81
427,2008-09-24,13.14,13.31,12.55,13.22
426,2008-09-23,13.31,13.98,12.38,13.05
425,2008-09-22,13.31,13.31,13.31,13.31
424,2008-09-19,11.71,13.39,11.71,13.39
423,2008-09-18,12.55,12.55,12.55,12.55
422,2008-09-17,13.48,13.48,13.48,13.48
421,2008-09-16,14.4,14.4,14.4,14.4
420,2008-09-15,15.33,16.42,15.33,15.33
419,2008-09-12,16.42,16.42,16.42,16.42
418,2008-09-11,17.6,17.6,17.6,17.6
417,2008-09-10,20.21,20.63,18.28,18.28
416,2008-09-09,19.71,19.71,18.53,19.71
415,2008-09-08,18.44,18.44,16.68,18.44
414,2008-09-05,17.27,17.27,17.27,17.27
413,2008-09-04,16.25,16.25,15.33,16.25
412,2008-09-03,15.24,15.24,15.24,15.24
411,2008-08-29,14.15,15.08,14.15,14.99
410,2008-08-28,16.09,16.76,15.08,15.08
409,2008-08-27,16.25,16.25,15.58,15.58
408,2008-08-26,15.24,15.24,15.24,15.24
407,2008-08-25,13.9,14.32,13.9,14.32
406,2008-08-22,13.48,13.81,13.14,13.48
405,2008-08-21,13.14,13.98,13.14,13.98
404,2008-08-20,13.9,13.9,13.05,13.05
403,2008-08-19,15.08,15.5,13.73,14.15
402,2008-08-18,14.99,14.99,14.49,14.99
401,2008-08-15,14.06,14.06,14.06,14.06
400,2008-08-14,13.22,13.64,13.22,13.64
399,2008-08-13,13.64,13.64,12.8,13.22
398,2008-08-12,13.22,13.22,12.8,13.22
397,2008-08-11,12.38,12.72,12.38,12.72
396,2008-08-08,11.96,12.38,11.96,12.38
395,2008-08-07,12.04,12.04,11.62,11.88
394,2008-08-06,11.03,11.88,11.03,11.88
393,2008-08-05,11.45,11.45,11.45,11.45
392,2008-08-04,11.88,12.21,11.88,11.88
391,2008-08-01,11.71,12.46,11.62,12.21
390,2008-07-31,12.04,12.38,12.04,12.21
389,2008-07-30,12.63,13.14,12.13,12.3
388,2008-07-29,12.55,13.48,12.55,12.55
387,2008-07-28,13.05,13.05,13.05,13.05
386,2008-07-25,13.56,13.56,13.56,13.56
385,2008-07-24,14.06,14.06,14.06,14.06
384,2008-07-23,14.57,14.57,14.57,14.57
383,2008-07-22,15.16,15.16,15.16,15.16
382,2008-07-21,15.16,15.16,15.16,15.16
381,2008-07-18,16.76,16.76,15.67,15.67
380,2008-07-17,16.25,16.25,16.25,16.25
379,2008-07-16,15.92,15.92,14.74,15.92
378,2008-07-15,15.33,15.33,15.33,15.33
377,2008-07-14,14.74,14.74,14.23,14.74
376,2008-07-11,14.23,14.23,14.15,14.23
375,2008-07-10,13.64,13.73,13.56,13.73
374,2008-07-09,13.22,13.22,13.05,13.22
373,2008-07-08,12.3,13.22,12.21,13.14
372,2008-07-07,12.55,12.97,12.13,12.46
371,2008-07-04,12.55,12.55,12.55,12.55
370,2008-07-03,12.13,12.13,12.13,12.13
369,2008-07-02,11.79,11.79,11.37,11.79
368,2008-07-01,11.12,11.37,11.12,11.37
367,2008-06-30,10.78,11.12,10.7,11.12
366,2008-06-27,10.78,10.95,10.36,10.78
365,2008-06-26,11.2,11.2,10.36,10.78
364,2008-06-25,10.78,10.78,10.53,10.78
363,2008-06-24,10.44,10.44,10.44,10.44
362,2008-06-23,9.6,10.19,9.6,10.19
361,2008-06-20,9.77,10.02,9.77,10.02
360,2008-06-19,10.11,10.78,10.11,10.11
359,2008-06-18,10.7,10.7,10.19,10.19
358,2008-06-17,10.44,10.44,10.44,10.44
357,2008-06-16,10.19,10.19,10.19,10.19
356,2008-06-13,9.94,9.94,9.94,9.94
355,2008-06-12,9.69,9.69,9.69,9.69
354,2008-06-11,9.43,9.43,9.43,9.43
353,2008-06-10,9.1,9.35,8.84,9.35
352,2008-06-09,9.1,9.43,9.1,9.18
351,2008-06-06,9.35,9.35,9.35,9.35
350,2008-06-05,9.6,9.6,9.6,9.6
349,2008-06-04,9.85,9.85,9.85,9.85
348,2008-06-03,10.11,10.11,10.11,10.11
347,2008-06-02,10.53,10.53,10.36,10.36
346,2008-05-30,10.44,10.7,10.44,10.44
345,2008-05-29,10.02,10.53,10.02,10.36
344,2008-05-28,10.11,10.53,10.11,10.19
343,2008-05-27,10.36,10.36,10.36,10.36
342,2008-05-26,10.61,10.61,10.61,10.61
341,2008-05-23,10.86,10.86,10.86,10.86
340,2008-05-22,11.12,11.12,11.12,11.12
339,2008-05-21,11.45,11.45,11.45,11.45
338,2008-05-20,11.79,11.79,11.79,11.79
337,2008-05-19,12.3,12.3,12.13,12.13
336,2008-05-16,12.46,12.55,12.3,12.55
335,2008-05-15,12.21,12.3,12.21,12.3
334,2008-05-14,12.55,12.55,12.55,12.55
333,2008-05-13,12.89,12.89,12.89,12.89
332,2008-05-12,13.22,13.22,13.22,13.22
331,2008-05-09,13.56,13.56,13.56,13.56
330,2008-05-08,15.16,15.24,15.16,15.16
329,2008-05-07,15.58,15.67,15.5,15.5
328,2008-05-06,16.51,16.51,15.92,15.92
327,2008-05-05,16.51,16.51,16.0,16.25
326,2008-04-29,16.09,16.09,15.83,16.09
325,2008-04-28,15.58,15.67,15.58,15.67
324,2008-04-25,14.57,15.41,14.57,15.16
323,2008-04-24,14.57,15.33,14.57,14.65
322,2008-04-23,14.99,15.16,14.82,15.16
321,2008-04-22,15.24,15.58,14.99,15.5
320,2008-04-21,15.58,15.58,15.33,15.33
319,2008-04-18,16.25,16.25,15.41,15.67
318,2008-04-17,15.5,16.34,15.5,16.0
317,2008-04-16,15.92,16.0,15.92,15.92
316,2008-04-11,16.34,16.59,16.34,16.51
315,2008-04-10,16.84,16.84,16.84,16.84
314,2008-04-09,17.52,17.69,17.27,17.27
313,2008-04-08,18.28,18.28,17.27,17.85
312,2008-04-07,17.77,17.77,17.77,17.77
311,2008-04-04,17.27,17.27,17.27,17.27
310,2008-04-03,16.93,16.93,16.93,16.93
309,2008-04-02,16.68,16.68,16.68,16.68
308,2008-04-01,16.42,16.42,16.42,16.42
307,2008-03-31,16.17,16.17,16.17,16.17
306,2008-03-28,15.92,15.92,15.92,15.92
305,2008-03-27,15.67,15.67,15.67,15.67
304,2008-03-26,13.64,16.51,13.64,15.58
303,2008-03-25,15.33,16.42,14.99,14.99
302,2008-03-24,16.93,16.93,16.59,16.68
301,2008-03-21,18.61,18.7,18.11,18.44
300,2008-03-20,20.21,20.63,18.53,19.12
299,2008-03-19,19.37,20.47,18.53,18.95
298,2008-03-18,18.87,19.71,18.7,18.87
297,2008-03-17,23.58,23.58,20.3,20.3
296,2008-03-14,22.74,22.74,21.48,22.74
295,2008-03-13,23.16,23.58,22.32,22.74
294,2008-03-12,22.66,22.99,21.22,22.32
293,2008-03-11,24.0,24.0,21.64,21.64
292,2008-03-10,24.42,24.59,22.74,23.5
291,2008-03-07,20.21,22.49,20.21,22.49
290,2008-03-06,20.47,20.47,20.47,20.47
289,2008-03-05,19.29,19.62,17.43,19.29
288,2008-03-04,21.31,21.31,19.29,19.29
287,2008-03-03,22.32,22.32,21.06,21.06
286,2008-02-29,23.41,23.41,22.49,23.25
285,2008-02-28,24.0,24.09,23.41,23.41
284,2008-02-27,24.0,25.27,23.58,24.0
283,2008-02-26,24.42,26.53,23.08,23.16
282,2008-02-25,24.42,24.42,24.42,24.42
281,2008-02-22,21.56,23.83,21.31,23.83
280,2008-02-21,25.69,25.69,23.41,23.41
279,2008-02-20,26.95,26.95,24.42,24.42
278,2008-02-19,26.11,27.79,26.11,26.53
277,2008-02-18,27.88,27.88,25.27,26.53
276,2008-02-15,27.71,28.64,27.37,27.88
275,2008-02-14,29.48,29.48,27.71,27.96
274,2008-02-13,28.13,28.64,27.71,27.71
273,2008-02-12,32.0,32.0,29.98,29.98
272,2008-02-01,29.48,30.32,29.48,29.98
271,2008-01-31,31.58,31.58,27.79,29.31
270,2008-01-30,28.64,29.14,28.64,29.14
269,2008-01-29,26.28,27.79,25.69,27.37
268,2008-01-28,26.19,26.78,25.69,26.53
267,2008-01-25,26.11,27.03,26.11,27.03
266,2008-01-24,27.37,28.21,25.77,26.19
265,2008-01-23,26.19,26.95,25.27,26.11
264,2008-01-22,26.7,27.79,26.11,26.95
263,2008-01-21,29.06,29.06,27.88,28.64
262,2008-01-18,28.64,29.9,28.21,29.06
261,2008-01-17,31.33,31.41,28.21,28.55
260,2008-01-16,28.64,28.72,28.21,28.72
259,2008-01-15,27.79,27.79,25.27,25.86
258,2008-01-14,30.32,30.32,27.46,27.71
257,2008-01-11,29.48,30.4,28.8,29.81
256,2008-01-10,28.47,29.31,28.3,29.31
255,2008-01-09,31.25,31.25,29.48,29.73
254,2008-01-08,30.74,31.75,29.73,29.9
253,2008-01-07,28.21,30.32,28.21,30.32
252,2008-01-04,31.58,31.58,30.99,30.99
251,2008-01-03,31.16,32.85,30.49,32.85
250,2008-01-02,32.09,32.43,31.33,31.58
249,2007-12-28,32.0,32.0,31.75,32.0
248,2007-12-27,32.34,32.34,31.16,32.0
247,2007-12-26,32.0,32.34,32.0,32.34
246,2007-12-25,32.43,32.43,32.0,32.17
245,2007-12-24,33.27,33.27,32.0,32.76
244,2007-12-21,34.11,34.11,32.0,32.0
243,2007-12-20,32.76,32.85,31.67,32.0
242,2007-12-19,32.85,33.69,32.85,33.27
241,2007-12-18,32.85,32.85,32.43,32.68
240,2007-12-17,33.35,33.6,32.0,32.0
239,2007-12-14,33.69,34.11,33.01,33.6
238,2007-12-13,33.69,33.69,32.59,33.44
237,2007-12-12,32.59,34.11,32.43,33.69
236,2007-12-11,33.69,33.86,32.59,32.85
235,2007-12-10,33.69,34.11,33.44,33.77
234,2007-12-07,33.52,34.53,33.52,34.36
233,2007-12-06,34.11,34.53,33.27,34.45
232,2007-12-05,35.79,35.79,33.69,34.61
231,2007-12-04,33.69,35.79,32.93,34.78
230,2007-12-03,33.27,33.52,32.43,33.01
229,2007-11-30,33.27,33.69,32.93,33.01
228,2007-11-29,33.69,33.69,33.01,33.01
227,2007-11-28,33.27,33.35,32.85,33.27
226,2007-11-27,33.18,33.27,32.59,32.85
225,2007-11-26,32.51,33.27,32.43,32.85
224,2007-11-23,32.85,32.85,32.17,32.59
223,2007-11-22,32.85,33.69,31.58,32.0
222,2007-11-21,32.43,32.76,31.58,32.76
221,2007-11-20,33.44,33.44,32.43,32.51
220,2007-11-19,34.36,34.36,32.43,33.1
219,2007-11-16,32.43,33.27,31.16,32.68
218,2007-11-15,35.88,35.88,31.16,32.68
217,2007-11-14,29.9,33.52,29.9,33.52
216,2007-11-13,32.0,32.0,29.98,30.32
215,2007-11-12,34.11,34.28,32.43,32.43
214,2007-11-09,32.59,36.22,32.59,34.95
213,2007-11-08,37.06,37.06,35.37,35.37
212,2007-11-07,36.64,38.74,36.64,36.72
211,2007-11-06,37.48,37.48,36.22,37.06
210,2007-11-05,38.91,39.5,36.72,37.9
209,2007-11-02,43.71,43.71,38.74,40.01
208,2007-11-01,38.74,42.03,36.22,42.03
207,2007-10-31,37.9,40.43,37.73,38.32
206,2007-10-30,43.63,43.79,40.43,41.52
205,2007-10-29,45.23,45.23,39.67,43.71
204,2007-10-26,41.18,41.18,41.18,41.18
203,2007-10-25,35.37,38.24,34.95,38.24
202,2007-10-24,35.79,35.79,31.92,35.04
201,2007-10-23,35.37,36.38,34.61,35.29
200,2007-10-22,36.22,37.9,34.95,35.37
199,2007-10-19,33.69,37.9,32.85,36.97
198,2007-10-18,37.9,37.9,34.53,34.53
197,2007-10-17,40.26,40.26,33.01,34.19
196,2007-10-16,36.64,36.64,36.64,36.64
195,2007-10-15,31.58,34.28,31.58,34.28
194,2007-10-12,31.16,31.58,30.82,31.16
193,2007-10-11,31.58,31.92,30.74,31.08
192,2007-10-10,31.33,31.58,30.57,31.16
191,2007-10-09,30.74,32.0,30.74,30.99
190,2007-10-08,32.0,32.0,30.49,30.66
189,2007-10-05,32.85,32.85,30.32,30.32
188,2007-10-04,33.18,33.18,32.0,32.26
187,2007-10-03,33.69,33.69,30.49,33.27
186,2007-10-02,35.63,35.63,29.22,32.76
185,2007-10-01,32.43,32.43,32.43,32.43
184,2007-09-28,28.21,30.74,28.21,29.9
183,2007-09-27,28.64,28.64,27.37,28.21
182,2007-09-26,27.79,28.64,27.37,28.64
181,2007-09-25,26.95,27.79,26.53,27.71
180,2007-09-24,24.85,26.11,24.85,25.77
179,2007-09-21,25.27,25.43,24.85,24.85
178,2007-09-20,25.27,25.94,25.27,25.43
177,2007-09-19,24.0,25.27,24.0,24.85
176,2007-09-18,24.85,24.85,24.0,24.42
175,2007-09-17,26.11,26.11,24.42,24.42
174,2007-09-14,24.42,25.27,24.42,24.85
173,2007-09-13,25.69,25.69,24.42,24.51
172,2007-09-12,25.69,26.95,25.27,25.52
171,2007-09-11,24.42,26.95,24.42,25.86
170,2007-09-10,23.58,24.34,23.58,24.34
169,2007-09-07,22.74,23.58,22.74,23.16
168,2007-09-06,22.74,22.74,22.74,22.74
167,2007-09-05,22.74,23.58,22.74,22.74
166,2007-09-04,22.74,23.58,22.74,22.74
165,2007-08-31,22.74,22.74,22.74,22.74
164,2007-08-30,22.74,22.74,22.74,22.4
163,2007-08-29,22.74,22.74,22.74,22.57
162,2007-08-28,22.74,22.74,22.74,22.74
161,2007-08-27,23.58,23.58,22.74,22.74
160,2007-08-24,22.74,22.74,22.74,22.74
159,2007-08-23,22.74,22.74,22.74,22.49
158,2007-08-22,22.74,22.74,22.74,22.74
157,2007-08-21,22.74,22.74,22.74,22.99
156,2007-08-20,23.58,23.58,22.74,23.16
155,2007-08-17,23.58,23.58,23.58,23.16
154,2007-08-16,23.58,23.58,23.58,23.58
153,2007-08-15,23.58,23.58,23.58,23.75
152,2007-08-14,23.58,23.58,23.58,23.58
151,2007-08-13,24.42,24.42,22.74,23.16
150,2007-08-10,24.42,24.42,24.42,24.26
149,2007-08-09,23.58,24.42,23.58,24.76
148,2007-08-08,24.42,24.42,24.42,24.42
147,2007-08-07,23.58,24.42,23.58,24.0
146,2007-08-06,24.42,24.42,23.58,23.75
145,2007-08-03,24.42,24.42,24.42,24.42
144,2007-08-02,25.27,25.27,24.42,24.42
143,2007-08-01,23.58,25.27,23.58,25.18
142,2007-07-31,24.42,24.42,24.42,24.0
141,2007-07-30,24.42,24.42,24.42,24.26
140,2007-07-27,24.42,25.27,24.42,24.59
139,2007-07-26,25.27,25.27,25.27,25.1
138,2007-07-25,26.95,26.95,25.27,25.69
137,2007-07-24,26.11,26.11,26.11,25.77
136,2007-07-23,26.11,26.95,26.11,26.11
135,2007-07-20,26.11,26.95,26.11,26.11
134,2007-07-19,26.11,26.11,26.11,25.69
133,2007-07-18,26.11,26.95,26.11,26.28
132,2007-07-17,25.27,26.95,25.27,26.95
131,2007-07-16,27.79,27.79,26.95,26.53
130,2007-07-13,27.79,28.64,27.79,28.64
129,2007-07-12,28.64,28.64,27.79,28.21
128,2007-07-11,28.64,29.48,27.79,28.64
127,2007-07-10,26.95,27.79,26.95,27.79
126,2007-07-09,26.11,26.11,25.27,26.11
125,2007-07-06,26.11,26.11,26.11,25.69
124,2007-07-05,25.27,27.79,24.42,25.43
123,2007-07-04,23.58,25.27,23.58,25.43
122,2007-07-03,23.58,24.42,22.74,23.58
121,2007-07-02,25.27,27.79,24.42,24.0
120,2007-06-29,26.95,26.95,25.27,25.43
119,2007-06-28,27.96,27.96,26.11,26.11
118,2007-06-27,27.79,28.64,27.79,28.05
117,2007-06-26,27.96,28.13,27.79,27.79
116,2007-06-25,28.64,28.64,27.96,27.96
115,2007-06-22,29.06,29.48,29.06,29.06
114,2007-06-21,29.48,29.48,28.72,29.22
113,2007-06-20,28.47,29.48,28.47,29.48
112,2007-06-19,29.48,29.9,28.21,29.65
111,2007-06-18,29.9,30.32,29.65,30.24
110,2007-06-15,30.74,30.91,27.88,30.91
109,2007-06-14,30.74,31.16,30.74,30.82
108,2007-06-13,30.74,31.16,30.74,30.99
107,2007-06-12,31.16,32.0,31.16,31.58
106,2007-06-11,32.0,32.0,31.5,31.5
105,2007-06-08,32.17,32.17,32.0,32.0
104,2007-06-07,32.43,32.43,31.84,32.09
103,2007-06-06,32.0,32.09,31.41,32.0
102,2007-06-05,32.0,32.34,31.58,32.0
101,2007-06-04,30.32,32.85,30.32,32.0
100,2007-06-01,33.69,34.11,33.27,33.69
99,2007-05-31,33.18,33.69,33.18,33.69
98,2007-05-30,32.85,33.69,32.85,33.44
97,2007-05-29,33.69,34.53,33.27,33.69
96,2007-05-28,34.11,34.19,33.69,33.94
95,2007-05-25,32.34,34.11,32.34,34.11
94,2007-05-24,33.44,34.11,33.44,33.69
93,2007-05-23,37.9,38.74,35.46,35.46
92,2007-05-22,33.69,36.22,33.01,36.22
91,2007-05-21,33.27,33.27,32.85,33.18
90,2007-05-18,33.69,33.69,32.85,33.44
89,2007-05-17,32.85,33.69,32.0,33.27
88,2007-05-16,33.69,33.69,33.27,33.69
87,2007-05-15,34.53,34.53,33.69,34.11
86,2007-05-14,34.53,34.95,33.69,34.53
85,2007-05-11,34.36,34.45,32.85,34.45
84,2007-05-10,34.28,34.53,34.11,34.36
83,2007-05-09,35.79,36.3,34.61,34.61
82,2007-05-08,36.22,36.22,35.37,35.79
81,2007-05-07,34.53,35.79,34.19,35.37
80,2007-05-04,34.95,34.95,33.77,34.11
79,2007-05-03,34.53,35.37,34.11,34.53
78,2007-05-02,35.04,35.37,34.95,35.04
77,2007-04-25,35.37,37.06,34.53,35.29
76,2007-04-24,33.86,37.06,33.35,35.46
75,2007-04-23,35.46,35.79,33.35,34.53
74,2007-04-20,37.06,37.9,35.63,35.63
73,2007-04-19,39.84,39.84,37.14,37.9
72,2007-04-18,34.11,36.72,34.11,36.72
71,2007-04-17,32.51,36.22,32.51,34.11
70,2007-04-16,38.74,39.42,35.79,35.79
69,2007-04-13,42.11,42.11,38.74,39.08
68,2007-04-12,43.37,43.37,41.27,41.69
67,2007-04-11,42.53,44.64,42.11,43.71
66,2007-04-10,43.79,43.79,43.37,43.71
65,2007-04-09,43.04,43.79,42.19,43.71
64,2007-04-06,45.06,45.06,42.11,44.13
63,2007-04-05,47.08,47.16,42.95,44.64
62,2007-04-04,45.48,48.01,45.48,47.16
61,2007-04-03,44.64,45.82,43.79,44.3
60,2007-04-02,47.16,49.69,44.22,45.48
59,2007-03-30,48.93,48.93,48.09,44.55
58,2007-03-29,44.55,44.55,44.55,44.55
57,2007-03-28,38.66,47.08,38.66,47.0
56,2007-03-27,43.37,43.37,42.87,51.37
55,2007-03-26,45.48,50.95,45.48,51.37
54,2007-03-23,50.87,51.8,49.35,51.37
53,2007-03-22,51.29,52.55,50.45,50.53
52,2007-03-21,53.9,53.9,50.53,52.64
51,2007-03-20,58.95,58.95,52.05,53.9
50,2007-03-19,58.53,59.46,55.16,56.43
49,2007-03-16,48.85,55.59,46.32,55.59
48,2007-03-15,50.53,51.88,48.01,49.52
47,2007-03-14,53.9,54.74,51.37,55.16
46,2007-03-13,51.88,57.27,51.88,55.16
45,2007-03-12,64.01,64.01,57.44,57.44
44,2007-03-09,64.6,64.6,57.02,57.02
43,2007-03-08,58.79,58.79,58.79,58.79
42,2007-03-07,53.48,53.48,53.48,53.48
41,2007-03-06,49.44,49.44,47.16,49.44
40,2007-03-05,43.79,46.32,42.11,45.9
39,2007-03-02,44.22,44.22,42.11,45.06
38,2007-03-01,46.32,46.32,41.35,45.06
37,2007-02-28,47.08,47.08,42.87,45.9
36,2007-02-27,42.87,42.87,42.11,42.87
35,2007-02-26,39.08,39.08,37.9,39.08
34,2007-02-15,36.22,36.64,34.53,36.64
33,2007-02-14,34.53,34.95,33.69,34.53
32,2007-02-13,34.11,34.87,33.69,34.61
31,2007-02-12,33.86,34.53,33.69,34.11
30,2007-02-09,34.53,34.53,33.27,33.77
29,2007-02-08,33.86,34.53,33.27,33.69
28,2007-02-07,34.53,34.95,31.16,34.28
27,2007-02-06,34.53,35.37,34.11,34.53
26,2007-02-05,34.95,35.37,34.36,34.45
25,2007-02-02,34.53,36.22,33.69,34.53
24,2007-02-01,35.37,35.37,34.19,34.45
23,2007-01-31,33.69,34.11,33.6,34.11
22,2007-01-30,33.52,33.69,33.27,33.69
21,2007-01-29,33.69,33.69,32.43,32.85
20,2007-01-26,31.33,32.43,31.16,32.43
19,2007-01-25,31.67,32.34,31.16,31.67
18,2007-01-24,32.43,32.85,31.58,32.0
17,2007-01-23,32.43,32.85,32.43,32.43
16,2007-01-22,33.69,33.69,30.74,32.85
15,2007-01-19,36.22,36.8,32.85,32.85
14,2007-01-18,35.79,35.79,32.85,32.85
13,2007-01-17,37.9,37.9,33.69,33.69
12,2007-01-16,35.79,37.9,34.53,36.22
11,2007-01-15,34.95,36.22,33.69,35.37
10,2007-01-12,36.72,36.72,33.69,34.53
9,2007-01-11,33.69,33.69,32.85,33.69
8,2007-01-10,34.53,34.53,32.51,33.69
7,2007-01-09,36.22,36.22,34.11,34.53
6,2007-01-08,36.47,38.66,36.47,37.82
5,2007-01-05,41.86,41.86,38.74,40.51
4,2007-01-04,43.96,43.96,39.58,41.86
3,2007-01-03,40.01,40.01,40.01,40.01
2,2007-01-02,36.38,36.38,36.38,36.38
1,2006-12-29,33.44,33.44,32.0,33.1
0,2006-12-28,28.64,31.16,28.64,30.4
