,Date,Open,High,Low,Close,Volume
4040,2025-10-24,21.6,22.4,21.25,21.9,15011500
4039,2025-10-23,22.6,22.9,21.85,21.85,14273800
4038,2025-10-22,22.1,22.5,21.0,22.5,20270900
4037,2025-10-21,22.9,22.9,21.6,21.9,33256756
4036,2025-10-20,24.1,24.8,22.9,22.9,35186545
4035,2025-10-17,24.6,25.1,24.25,24.6,24125561
4034,2025-10-16,23.25,24.6,23.25,24.6,43810472
4033,2025-10-15,22.6,23.0,22.35,23.0,17693761
4032,2025-10-14,22.8,23.2,22.35,22.6,26861534
4031,2025-10-13,20.95,22.5,20.9,22.5,25970072
4030,2025-10-10,21.0,21.55,20.95,21.4,10741096
4029,2025-10-09,20.5,20.95,20.25,20.8,13027352
4028,2025-10-08,20.53,20.62,19.52,19.75,38852510
4027,2025-10-07,21.13,21.13,20.16,20.21,16199579
4026,2025-10-06,19.89,21.08,19.89,21.08,15020240
4025,2025-10-03,20.39,20.44,19.7,19.7,27418248
4024,2025-10-02,21.35,21.49,20.58,20.58,19723333
4023,2025-10-01,21.54,21.63,21.26,21.31,13245565
4022,2025-09-30,22.36,22.59,20.99,21.35,36945094
4021,2025-09-29,23.42,23.78,22.36,22.36,31435063
4020,2025-09-26,23.23,23.69,22.87,23.05,21709097
4019,2025-09-25,23.55,24.2,23.19,23.19,28493216
4018,2025-09-24,21.95,23.37,21.81,23.37,28266286
4017,2025-09-23,23.0,23.1,22.09,22.18,11689873
4016,2025-09-22,22.68,23.28,22.36,22.73,30073442
4015,2025-09-19,22.36,23.05,22.13,22.45,18932568
4014,2025-09-18,21.81,22.45,21.45,22.13,15544456
4013,2025-09-17,22.18,22.59,21.68,21.68,21864044
4012,2025-09-16,23.46,23.46,22.18,22.36,25786113
4011,2025-09-15,22.82,23.6,22.55,23.05,21605866
4010,2025-09-12,22.36,23.23,22.32,22.5,24405260
4009,2025-09-11,21.35,22.0,20.71,22.0,21423502
4008,2025-09-10,22.36,22.36,21.45,21.58,23617488
4007,2025-09-09,22.04,22.32,21.45,22.23,24674629
4006,2025-09-08,23.0,23.42,22.0,22.0,40677312
4005,2025-09-05,23.65,24.75,23.23,23.28,47324120
4004,2025-09-04,23.55,24.1,23.1,23.28,33240057
4003,2025-09-03,21.72,22.82,21.68,22.82,30244172
4002,2025-08-29,21.54,22.0,21.31,21.35,18821112
4001,2025-08-28,21.17,21.26,20.71,21.22,13416372
4000,2025-08-27,21.08,22.0,20.99,21.17,20734778
3999,2025-08-26,19.57,20.85,19.52,20.85,18955974
3998,2025-08-25,21.03,21.45,19.52,19.52,25406725
3997,2025-08-22,21.72,21.95,20.76,20.8,49599870
3996,2025-08-21,23.05,23.32,22.32,22.32,25864319
3995,2025-08-20,23.28,23.65,21.95,22.91,47258259
3994,2025-08-19,21.68,23.0,21.68,23.0,52327656
3993,2025-08-18,21.26,22.09,20.71,21.54,32955766
3992,2025-08-15,22.32,22.32,21.08,21.35,34279806
3991,2025-08-14,22.68,22.68,21.68,22.32,32716420
3990,2025-08-13,21.54,22.41,21.22,22.18,43173862
3989,2025-08-12,21.49,22.0,20.44,21.22,37294363
3988,2025-08-11,21.31,22.13,21.22,21.4,29266832
3987,2025-08-08,20.3,21.31,19.84,20.9,45299344
3986,2025-08-07,20.35,20.53,19.98,20.21,24083638
3985,2025-08-06,19.57,19.8,19.43,19.75,13935447
3984,2025-08-05,19.98,20.62,18.33,19.48,48442322
3983,2025-08-04,18.74,19.7,18.74,19.7,16943849
3982,2025-08-01,20.07,20.12,19.11,19.11,26961555
3981,2025-07-31,20.25,20.39,19.02,19.93,39824775
3980,2025-07-30,19.89,20.44,19.38,20.21,30256524
3979,2025-07-29,22.0,22.09,19.89,19.89,63204626
3978,2025-07-28,20.76,21.35,20.44,21.35,31074399
3977,2025-07-25,19.06,19.98,18.97,19.98,34947422
3976,2025-07-24,18.79,19.34,18.56,18.97,25998586
3975,2025-07-23,19.06,19.52,18.56,18.6,29370145
3974,2025-07-22,18.33,18.79,18.1,18.79,25545675
3973,2025-07-21,19.2,19.2,18.42,18.42,32391557
3972,2025-07-18,19.2,19.84,18.79,18.83,31523388
3971,2025-07-17,17.69,18.6,17.46,18.6,51722904
3970,2025-07-16,16.86,17.64,16.77,17.41,29738055
3969,2025-07-15,17.32,17.51,16.86,16.86,23297160
3968,2025-07-14,16.59,17.28,16.22,17.18,29665188
3967,2025-07-11,16.91,17.0,16.54,16.54,21424631
3966,2025-07-10,17.14,17.32,16.73,16.86,22947882
3965,2025-07-09,17.18,17.51,16.91,17.09,25765984
3964,2025-07-08,17.23,17.23,16.68,16.96,22409056
3963,2025-07-07,16.96,17.32,16.63,17.05,21685090
3962,2025-07-04,16.27,17.05,16.27,16.73,28531261
3961,2025-07-03,15.95,16.36,15.9,16.18,22313536
3960,2025-07-02,15.86,15.99,15.67,15.95,11165754
3959,2025-07-01,16.36,16.36,15.63,15.67,19074927
3958,2025-06-30,16.36,16.36,16.13,16.22,9271547
3957,2025-06-27,16.04,16.59,16.04,16.13,23668334
3956,2025-06-26,15.81,15.95,15.67,15.86,8869171
3955,2025-06-25,15.95,16.13,15.81,15.81,8889441
3954,2025-06-24,15.9,16.13,15.81,15.86,14284075
3953,2025-06-23,15.76,15.76,15.49,15.72,9872488
3952,2025-06-20,15.95,16.08,15.72,15.9,7916908
3951,2025-06-19,15.81,16.04,15.53,15.9,11141201
3950,2025-06-18,15.86,16.18,15.72,15.86,12541727
3949,2025-06-17,15.81,16.08,15.67,15.81,12830091
3948,2025-06-16,15.4,15.76,15.31,15.76,8809757
3947,2025-06-13,15.99,16.08,15.21,15.35,35994496
3946,2025-06-12,16.13,16.63,16.13,16.31,13263947
3945,2025-06-11,16.36,16.45,15.9,16.13,15690948
3944,2025-06-10,16.54,16.73,16.08,16.31,14105767
3943,2025-06-09,16.59,17.05,16.54,16.59,20072076
3942,2025-06-06,16.18,16.86,15.9,16.5,24779257
3941,2025-06-05,16.73,16.73,16.18,16.31,12190883
3940,2025-06-04,16.22,16.91,16.04,16.41,24309705
3939,2025-06-03,16.13,16.54,15.99,16.04,24396033
3938,2025-06-02,15.12,15.76,15.12,15.76,13597130
3937,2025-05-30,15.12,15.17,14.57,14.76,19174481
3936,2025-05-29,15.03,15.26,14.62,15.03,17084853
3935,2025-05-28,15.3,15.3,14.61,14.7,17585978
3934,2025-05-27,14.09,14.91,14.09,14.91,32243851
3933,2025-05-26,13.57,14.05,12.97,13.96,19137495
3932,2025-05-23,13.79,13.83,13.49,13.49,6706938
3931,2025-05-22,13.66,13.92,13.49,13.75,12184775
3930,2025-05-21,13.79,13.79,13.49,13.66,8955467
3929,2025-05-20,13.92,13.96,13.66,13.7,6533195
3928,2025-05-19,13.53,14.09,13.44,13.83,15063235
3927,2025-05-16,13.83,14.05,13.57,13.62,10685285
3926,2025-05-15,14.05,14.14,13.75,13.83,8333473
3925,2025-05-14,13.62,13.96,13.44,13.83,14214261
3924,2025-05-13,13.62,13.75,13.53,13.62,10709564
3923,2025-05-12,13.4,13.57,13.32,13.4,6186972
3922,2025-05-09,13.53,13.7,13.27,13.32,10364620
3921,2025-05-08,13.7,13.7,13.27,13.4,8115308
3920,2025-05-07,13.19,13.75,13.19,13.53,12393081
3919,2025-05-06,13.1,13.57,13.1,13.23,11531759
3918,2025-05-05,12.75,13.06,12.67,13.06,7820869
3917,2025-04-29,12.88,12.88,12.67,12.71,5086427
3916,2025-04-28,12.71,12.97,12.67,12.71,7220711
3915,2025-04-25,12.93,13.19,12.71,12.71,8488595
3914,2025-04-24,12.54,13.1,12.54,12.88,10515582
3913,2025-04-23,12.62,12.93,11.8,12.54,18639334
3912,2025-04-22,13.06,13.14,12.28,12.28,30624477
3911,2025-04-21,13.53,13.7,13.14,13.19,11153335
3910,2025-04-18,13.75,13.75,13.32,13.53,12597048
3909,2025-04-17,12.88,13.53,12.67,13.53,16901709
3908,2025-04-16,13.57,13.79,13.14,13.14,12809550
3907,2025-04-15,13.92,14.44,13.53,13.53,17599910
3906,2025-04-14,14.48,14.57,13.53,14.18,20789541
3905,2025-04-11,13.27,14.44,12.97,14.4,26968938
3904,2025-04-10,13.79,13.79,13.79,13.79,28276103
3903,2025-04-09,12.93,12.93,12.93,12.93,2973086
3902,2025-04-08,13.88,14.27,13.88,13.88,4086707
3901,2025-04-04,14.91,15.35,14.91,14.91,22530438
3900,2025-04-03,16.21,16.73,16.0,16.0,17064891
3899,2025-04-02,17.29,17.47,17.16,17.16,10813853
3898,2025-04-01,17.25,17.29,17.08,17.21,4017924
3897,2025-03-31,16.95,17.38,16.73,17.16,9653380
3896,2025-03-28,17.21,17.38,16.95,17.12,9043803
3895,2025-03-27,17.08,17.25,16.95,17.08,5323176
3894,2025-03-26,17.47,17.6,17.03,17.03,6984438
3893,2025-03-25,17.38,17.68,17.21,17.47,8630993
3892,2025-03-24,17.38,17.42,16.86,17.25,15413814
3891,2025-03-21,17.64,17.72,17.47,17.47,7384891
3890,2025-03-20,17.81,17.85,17.21,17.6,13577571
3889,2025-03-19,18.03,18.03,17.6,17.68,10406770
3888,2025-03-18,18.37,18.37,17.72,18.03,16333685
3887,2025-03-17,18.33,18.46,18.03,18.2,21612368
3886,2025-03-14,17.38,18.33,17.16,17.85,25210417
3885,2025-03-13,17.42,17.72,16.99,17.38,15953307
3884,2025-03-12,17.72,17.72,17.29,17.42,7701512
3883,2025-03-11,17.21,17.6,17.08,17.6,8932222
3882,2025-03-10,17.51,17.6,17.34,17.42,9991305
3881,2025-03-07,17.42,17.85,17.38,17.47,12657201
3880,2025-03-06,16.9,17.29,16.86,17.29,10375486
3879,2025-03-05,17.29,17.34,16.86,16.9,12619303
3878,2025-03-04,17.29,17.64,17.16,17.25,13871360
3877,2025-03-03,17.25,17.42,17.12,17.29,10272245
3876,2025-02-28,17.21,17.47,17.03,17.21,13169317
3875,2025-02-27,16.64,17.16,16.64,17.16,16086259
3874,2025-02-26,16.9,16.99,16.64,16.73,6322481
3873,2025-02-25,16.9,17.16,16.77,16.9,13692774
3872,2025-02-24,16.77,16.95,16.6,16.73,5271596
3871,2025-02-21,16.6,16.77,16.43,16.73,8699096
3870,2025-02-20,16.86,17.03,16.56,16.6,11798376
3869,2025-02-19,16.64,16.95,16.64,16.77,10458233
3868,2025-02-18,16.34,16.99,16.21,16.64,14088735
3867,2025-02-17,16.08,16.38,16.04,16.25,8249129
3866,2025-02-14,16.25,16.38,15.95,15.95,6360768
3865,2025-02-13,15.91,16.08,15.82,16.08,6099531
3864,2025-02-12,16.08,16.13,15.74,15.82,5192603
3863,2025-02-11,15.87,15.95,15.74,15.95,6892022
3862,2025-02-10,16.08,16.13,15.78,15.87,8136157
3861,2025-02-07,16.34,16.51,16.13,16.17,7377461
3860,2025-02-06,16.38,16.43,16.13,16.25,6104099
3859,2025-02-05,15.43,16.34,15.3,16.34,24120090
3858,2025-02-04,15.09,15.35,15.0,15.3,7027792
3857,2025-02-03,15.43,15.48,14.74,15.09,9424152
3856,2025-01-24,15.74,16.0,15.09,15.3,17524393
3855,2025-01-23,15.91,16.0,15.74,15.74,4537196
3854,2025-01-22,16.08,16.08,15.74,15.87,3421462
3853,2025-01-21,15.74,16.08,15.74,16.04,5378412
3852,2025-01-20,15.78,15.95,15.65,15.91,4446306
3851,2025-01-17,15.87,16.08,15.74,15.91,3835260
3850,2025-01-16,15.87,16.04,15.74,15.87,3703722
3849,2025-01-15,15.43,15.91,15.43,15.78,5698865
3848,2025-01-14,15.56,15.65,15.3,15.48,2888401
3847,2025-01-13,15.39,15.69,14.96,15.56,7212996
3846,2025-01-10,15.69,15.78,15.26,15.48,4988147
3845,2025-01-09,15.65,16.04,15.56,15.69,4098109
3844,2025-01-08,15.56,15.91,15.22,15.91,6455801
3843,2025-01-07,16.21,16.21,15.39,15.65,12239037
3842,2025-01-06,16.56,16.56,16.0,16.21,5743515
3841,2025-01-03,16.69,16.73,16.25,16.56,4831772
3840,2025-01-02,16.38,16.69,16.25,16.69,4115771
3839,2024-12-31,16.3,16.47,16.08,16.34,6188368
3838,2024-12-30,16.43,16.51,16.13,16.34,6235790
3837,2024-12-27,16.64,16.69,16.43,16.43,5212348
3836,2024-12-26,16.69,16.95,16.6,16.6,5027800
3835,2024-12-25,16.6,16.77,16.56,16.6,4030174
3834,2024-12-24,16.64,16.77,16.3,16.6,7115562
3833,2024-12-23,16.77,16.9,16.73,16.77,5461752
3832,2024-12-20,16.77,16.86,16.43,16.43,5920900
3831,2024-12-19,16.95,17.03,16.3,16.9,16599709
3830,2024-12-18,17.21,17.38,17.16,17.21,4758917
3829,2024-12-17,17.42,17.47,17.12,17.29,6521863
3828,2024-12-16,17.72,17.72,17.12,17.42,16872217
3827,2024-12-13,17.9,17.98,17.64,17.77,6447628
3826,2024-12-12,18.03,18.07,17.72,17.94,6692095
3825,2024-12-11,18.16,18.33,17.9,17.98,6134151
3824,2024-12-10,18.16,18.33,18.11,18.16,5792618
3823,2024-12-09,18.07,18.42,18.03,18.16,9394544
3822,2024-12-06,18.16,18.29,17.9,18.03,7944009
3821,2024-12-05,17.42,18.29,17.21,18.16,16335932
3820,2024-12-04,17.55,17.72,17.21,17.47,8218714
3819,2024-12-03,17.64,17.64,17.21,17.55,7596837
3818,2024-12-02,17.64,17.81,17.47,17.55,5135699
3817,2024-11-29,17.55,17.6,17.29,17.55,7819022
3816,2024-11-28,17.81,17.9,17.51,17.6,4759503
3815,2024-11-27,17.81,17.85,17.51,17.77,5194789
3814,2024-11-26,17.64,18.16,17.64,17.81,7837166
3813,2024-11-25,17.81,17.81,17.51,17.72,6003716
3812,2024-11-22,18.07,18.07,17.68,17.72,4522392
3811,2024-11-21,17.98,18.07,17.85,17.94,2750590
3810,2024-11-20,17.29,18.33,17.21,17.94,14094932
3809,2024-11-19,17.12,17.51,17.12,17.21,5625888
3808,2024-11-18,17.29,17.47,16.9,17.21,5913380
3807,2024-11-15,17.47,17.51,16.99,17.29,8559898
3806,2024-11-14,17.85,17.94,17.34,17.42,4240946
3805,2024-11-13,17.6,17.85,17.47,17.81,5228888
3804,2024-11-12,17.72,17.9,17.55,17.6,4533397
3803,2024-11-11,17.98,18.03,17.6,17.64,8432588
3802,2024-11-08,18.37,18.46,17.98,18.03,6912028
3801,2024-11-07,18.29,18.72,18.2,18.37,10029059
3800,2024-11-06,18.46,18.5,17.98,18.2,7811204
3799,2024-11-05,18.11,18.63,18.11,18.24,10148043
3798,2024-11-04,18.11,18.2,17.81,18.11,5224802
3797,2024-11-01,17.77,18.29,17.77,17.98,9831794
3796,2024-10-31,17.77,18.07,17.72,17.77,3329183
3795,2024-10-30,17.72,18.11,17.64,17.77,4425478
3794,2024-10-29,18.24,18.24,17.72,17.72,6421317
3793,2024-10-28,18.24,18.29,17.9,18.03,3769177
3792,2024-10-25,18.07,18.42,17.9,18.2,9715638
3791,2024-10-24,18.11,18.24,17.85,17.85,4718410
3790,2024-10-23,17.64,18.29,17.51,18.11,11823628
3789,2024-10-22,17.51,17.81,17.38,17.51,7323052
3788,2024-10-21,17.64,17.9,17.51,17.51,5577848
3787,2024-10-18,18.42,18.42,17.64,17.64,5177925
3786,2024-10-17,17.42,18.42,17.25,18.2,10509721
3785,2024-10-16,17.55,17.6,17.29,17.29,5029212
3784,2024-10-15,18.37,18.46,17.16,17.6,24976728
3783,2024-10-14,18.68,18.76,18.37,18.37,5613046
3782,2024-10-11,18.46,18.76,18.46,18.59,4739807
3781,2024-10-10,18.68,18.81,18.42,18.46,5789885
3780,2024-10-09,18.55,18.72,18.42,18.5,5102977
3779,2024-10-08,18.76,18.85,18.37,18.42,10237404
3778,2024-10-07,18.98,19.02,18.68,18.76,4342240
3777,2024-10-04,18.98,19.15,18.81,18.81,7986073
3776,2024-10-03,19.19,19.32,18.63,18.94,15585016
3775,2024-10-02,19.63,19.76,19.02,19.37,20550426
3774,2024-10-01,20.19,20.28,19.76,19.8,12863137
3773,2024-09-30,19.97,20.06,19.71,20.06,9753170
3772,2024-09-27,20.06,20.36,19.8,20.06,12779288
3771,2024-09-26,20.06,20.15,19.84,19.93,8732936
3770,2024-09-25,19.8,20.15,19.76,19.93,12814810
3769,2024-09-24,19.41,19.71,19.37,19.67,6851101
3768,2024-09-23,19.67,19.71,19.37,19.54,6000974
3767,2024-09-20,19.97,19.97,19.58,19.67,7580669
3766,2024-09-19,19.58,19.97,19.58,19.8,10013121
3765,2024-09-18,19.54,19.71,19.32,19.58,9184584
3764,2024-09-17,18.76,19.54,18.76,19.45,12893147
3763,2024-09-16,19.02,19.11,18.59,18.94,7799337
3762,2024-09-13,18.81,19.11,18.68,19.02,6624249
3761,2024-09-12,19.11,19.19,18.76,18.76,4730902
3760,2024-09-11,19.32,19.32,18.59,18.94,8737357
3759,2024-09-10,19.45,19.54,18.76,19.45,13621615
3758,2024-09-09,19.37,19.71,19.19,19.41,6244328
3757,2024-09-06,19.8,19.84,18.98,19.41,18668833
3756,2024-09-05,20.19,20.49,19.67,19.76,12151615
3755,2024-09-04,19.67,20.23,19.54,20.19,9375676
3754,2024-08-30,20.41,20.58,19.54,20.06,32333508
3753,2024-08-29,20.75,21.1,20.58,20.62,10911197
3752,2024-08-28,21.88,22.13,20.23,20.79,41927232
3751,2024-08-27,21.44,21.92,21.36,21.66,15862327
3750,2024-08-26,21.92,21.96,21.62,21.7,11869844
3749,2024-08-23,21.31,22.05,21.1,21.75,20023466
3748,2024-08-22,21.27,21.57,21.05,21.31,10229454
3747,2024-08-21,21.57,21.66,21.01,21.23,21439361
3746,2024-08-20,20.71,21.79,20.45,21.66,26131552
3745,2024-08-19,20.88,21.1,20.41,20.49,13684225
3744,2024-08-16,19.45,20.53,19.28,20.53,28034358
3743,2024-08-15,19.19,19.28,18.76,19.19,13803498
3742,2024-08-14,19.41,19.54,18.94,19.19,9757793
3741,2024-08-13,19.28,19.63,19.07,19.37,7257366
3740,2024-08-12,18.76,19.45,18.63,19.28,34268716
3739,2024-08-09,20.1,20.19,19.76,20.02,6768508
3738,2024-08-08,19.8,20.23,19.5,19.8,8717597
3737,2024-08-07,19.89,20.15,19.58,19.89,7078848
3736,2024-08-06,19.89,20.06,19.19,19.71,9615546
3735,2024-08-05,20.06,20.32,19.24,19.5,19511208
3734,2024-08-02,20.15,20.66,19.63,20.66,10274290
3733,2024-08-01,21.1,21.1,19.67,20.19,14150375
3732,2024-07-31,21.1,21.44,20.71,21.14,6758528
3731,2024-07-30,21.01,21.23,20.45,21.01,6135743
3730,2024-07-29,21.18,21.66,21.01,21.18,8717018
3729,2024-07-26,21.01,21.01,20.49,21.01,5502937
3728,2024-07-25,20.79,21.01,20.58,21.01,5817716
3727,2024-07-24,19.93,21.23,19.84,21.14,12339519
3726,2024-07-23,20.92,20.92,20.06,20.15,5809812
3725,2024-07-22,20.32,20.88,19.89,20.75,14324871
3724,2024-07-19,21.44,21.44,20.32,20.58,11854786
3723,2024-07-18,21.23,21.4,20.66,21.36,12655391
3722,2024-07-17,22.78,22.91,21.18,21.18,35508914
3721,2024-07-16,23.0,23.3,22.74,22.74,7937712
3720,2024-07-15,23.09,23.26,22.96,22.96,5729825
3719,2024-07-12,23.6,23.6,23.04,23.09,6917801
3718,2024-07-11,23.09,23.91,23.04,23.39,16674022
3717,2024-07-10,23.0,23.22,22.78,22.87,6406234
3716,2024-07-09,22.74,23.09,22.74,22.91,7139204
3715,2024-07-08,23.26,23.3,22.65,22.78,14280599
3714,2024-07-05,23.43,23.6,23.09,23.22,8943492
3713,2024-07-04,23.69,23.95,23.34,23.43,7293723
3712,2024-07-03,23.91,23.99,23.56,23.69,5789233
3711,2024-07-02,23.47,23.91,23.13,23.86,12919166
3710,2024-07-01,23.04,23.43,22.91,23.26,5854424
3709,2024-06-28,23.6,23.6,22.87,22.96,8250939
3708,2024-06-27,22.83,23.73,22.65,23.56,13596278
3707,2024-06-26,23.13,23.26,22.65,22.78,7241907
3706,2024-06-25,23.3,23.3,22.96,23.13,5080755
3705,2024-06-24,22.91,23.56,22.91,22.96,18903091
3704,2024-06-21,22.91,23.0,22.61,22.61,9640432
3703,2024-06-20,23.39,23.39,22.65,22.96,13024576
3702,2024-06-19,23.6,23.6,23.13,23.22,9870747
3701,2024-06-18,23.43,23.73,23.34,23.34,7310655
3700,2024-06-17,23.69,23.78,23.34,23.34,12616297
3699,2024-06-14,24.43,24.47,23.69,23.69,13486097
3698,2024-06-13,24.21,24.81,24.17,24.38,19564529
3697,2024-06-12,23.86,24.04,23.65,23.99,8738883
3696,2024-06-11,24.04,24.12,23.65,23.78,10430671
3695,2024-06-10,24.08,24.38,23.78,24.04,10423450
3694,2024-06-07,24.21,24.21,23.86,23.91,7615392
3693,2024-06-06,24.43,24.43,23.82,23.99,11962039
3692,2024-06-05,24.64,24.73,24.25,24.25,11008019
3691,2024-06-04,24.77,24.81,24.47,24.47,9246605
3690,2024-06-03,24.25,25.03,24.25,24.69,15726738
3689,2024-05-31,24.17,24.34,23.78,23.99,9395059
3688,2024-05-30,23.86,24.12,23.47,23.86,15651903
3687,2024-05-29,24.21,24.43,23.86,24.17,13203663
3686,2024-05-28,23.86,24.47,23.82,24.08,10458679
3685,2024-05-27,24.04,24.08,23.65,23.65,14705285
3684,2024-05-24,25.07,25.46,23.6,24.04,31516523
3683,2024-05-23,25.25,25.29,24.86,25.25,13640718
3682,2024-05-22,25.07,25.68,24.99,25.33,24613432
3681,2024-05-21,25.07,25.16,24.64,24.99,16925456
3680,2024-05-20,25.77,25.77,25.12,25.12,14263554
3679,2024-05-17,24.81,25.33,24.73,25.29,18545347
3678,2024-05-16,25.12,25.51,24.81,24.81,17903977
3677,2024-05-15,24.64,24.9,24.43,24.64,14592535
3676,2024-05-14,24.69,24.94,24.47,24.51,11080558
3675,2024-05-13,24.9,24.94,23.99,24.64,13834852
3674,2024-05-10,24.47,24.99,24.25,24.73,20986302
3673,2024-05-09,25.03,25.2,24.21,24.3,15541185
3672,2024-05-08,23.69,25.07,23.26,24.73,28554762
3671,2024-05-07,24.34,24.38,23.91,24.08,13927474
3670,2024-05-06,23.56,24.38,23.26,24.3,21574116
3669,2024-05-03,23.56,23.69,23.17,23.22,12398587
3668,2024-05-02,23.6,23.73,22.65,23.22,34464937
3667,2024-04-26,24.12,24.64,23.95,24.04,21402555
3666,2024-04-25,24.69,24.73,24.17,24.47,15074058
3665,2024-04-24,23.65,24.77,23.6,24.77,25342877
3664,2024-04-23,24.3,24.38,23.0,23.17,22774903
3663,2024-04-22,24.38,24.6,23.78,24.3,18536622
3662,2024-04-19,24.21,25.07,23.39,23.69,38948921
3661,2024-04-17,26.2,26.33,24.9,24.9,26646644
3660,2024-04-16,26.76,26.8,25.29,26.03,45689448
3659,2024-04-15,28.84,29.09,27.02,27.02,35683438
3658,2024-04-12,28.71,29.35,28.62,29.05,23398925
3657,2024-04-11,27.54,28.79,27.54,28.53,22058403
3656,2024-04-10,28.49,28.62,27.93,27.93,16986888
3655,2024-04-09,27.8,28.49,27.5,28.49,17307433
3654,2024-04-08,27.67,28.23,27.5,27.75,17981037
3653,2024-04-05,27.45,28.49,27.32,27.67,24880007
3652,2024-04-04,27.84,28.88,27.41,27.84,31937939
3651,2024-04-03,28.96,28.96,27.5,27.5,27596680
3650,2024-04-02,28.66,29.22,28.27,29.05,18678744
3649,2024-04-01,27.84,29.31,27.8,28.96,26754128
3648,2024-03-29,28.27,28.36,27.71,27.84,16893726
3647,2024-03-28,28.53,28.62,28.23,28.27,12625296
3646,2024-03-27,27.71,28.96,27.45,28.32,22471890
3645,2024-03-26,27.5,28.23,27.15,27.62,17278198
3644,2024-03-25,27.54,28.53,27.41,27.67,25557439
3643,2024-03-22,27.67,27.93,26.85,27.62,24613567
3642,2024-03-21,26.72,27.75,25.85,27.41,44830237
3641,2024-03-20,25.81,26.63,25.55,26.28,29510046
3640,2024-03-19,26.76,26.76,25.85,25.85,28348458
3639,2024-03-18,24.99,26.33,24.9,26.33,78958676
3638,2024-03-15,23.91,25.07,23.82,24.64,69906552
3637,2024-03-14,23.6,24.04,23.34,23.78,35289924
3636,2024-03-13,22.96,23.34,22.78,23.34,14825580
3635,2024-03-12,22.7,23.04,22.57,22.78,13978956
3634,2024-03-11,22.96,23.17,22.52,22.65,18547476
3633,2024-03-08,23.78,23.82,22.96,22.96,32136467
3632,2024-03-07,23.43,23.78,23.09,23.65,28918769
3631,2024-03-06,24.08,24.17,23.43,23.47,23829467
3630,2024-03-05,24.34,24.47,23.95,24.08,19136833
3629,2024-03-04,24.17,24.9,24.17,24.3,49288376
3628,2024-03-01,23.78,23.95,23.6,23.82,13417548
3627,2024-02-29,23.43,24.04,23.34,23.6,28072821
3626,2024-02-28,23.78,23.78,23.22,23.34,13617747
3625,2024-02-27,23.0,23.65,22.87,23.65,18917985
3624,2024-02-26,22.65,22.96,22.48,22.87,13356576
3623,2024-02-23,23.43,23.43,22.48,22.61,27793376
3622,2024-02-22,23.52,23.6,23.34,23.34,12820100
3621,2024-02-21,23.78,23.91,23.39,23.52,20441720
3620,2024-02-20,23.95,24.17,23.69,23.78,15940258
3619,2024-02-19,24.12,24.12,23.69,23.86,19157373
3618,2024-02-16,24.21,24.56,24.04,24.08,25687604
3617,2024-02-15,23.78,23.95,23.56,23.95,16424978
3616,2024-02-07,23.86,23.91,23.56,23.6,18345497
3615,2024-02-06,23.86,24.08,23.78,23.82,10128431
3614,2024-02-05,24.04,24.08,23.6,23.82,16059272
3613,2024-02-02,23.91,24.69,23.78,23.91,26339065
3612,2024-02-01,23.52,23.95,23.47,23.69,16143649
3611,2024-01-31,23.52,23.82,23.3,23.43,26060636
3610,2024-01-30,23.17,23.43,23.17,23.3,9312927
3609,2024-01-29,23.39,23.43,23.09,23.09,9102848
3608,2024-01-26,23.3,23.73,23.26,23.3,12544018
3607,2024-01-25,23.26,23.47,23.13,23.22,9448041
3606,2024-01-24,23.22,23.47,23.13,23.22,10299747
3605,2024-01-23,23.65,23.65,23.22,23.22,8127867
3604,2024-01-22,23.09,23.52,22.83,23.47,18387842
3603,2024-01-19,23.56,23.65,23.0,23.0,14234061
3602,2024-01-18,23.47,23.69,23.26,23.34,17342576
3601,2024-01-17,23.22,23.6,23.09,23.22,16301973
3600,2024-01-16,22.57,23.17,22.52,23.17,10007981
3599,2024-01-15,22.91,23.26,22.7,22.7,10937000
3598,2024-01-12,23.09,23.17,22.57,22.78,30903024
3597,2024-01-11,23.3,23.47,23.0,23.39,13925254
3596,2024-01-10,23.69,23.78,23.04,23.17,23278105
3595,2024-01-09,24.08,24.21,23.6,23.69,27024084
3594,2024-01-08,23.78,24.38,23.73,23.99,31702120
3593,2024-01-05,23.0,23.56,23.0,23.47,27637717
3592,2024-01-04,22.74,23.47,22.61,22.91,25587568
3591,2024-01-03,22.35,22.83,22.35,22.74,11796488
3590,2024-01-02,23.34,23.34,22.44,22.48,20532161
3589,2023-12-29,23.3,23.34,23.04,23.13,10739980
3588,2023-12-28,23.0,23.52,22.96,23.09,18526190
3587,2023-12-27,23.26,23.43,22.96,22.96,12907051
3586,2023-12-26,23.17,23.3,22.87,23.13,16847008
3585,2023-12-25,22.39,23.09,22.31,23.0,16745581
3584,2023-12-22,22.65,22.87,22.31,22.31,9671540
3583,2023-12-21,22.13,22.74,22.0,22.61,13709927
3582,2023-12-20,22.48,22.57,22.22,22.31,6816496
3581,2023-12-19,22.0,22.35,21.7,22.35,11757569
3580,2023-12-18,22.05,22.39,21.88,22.0,9679145
3579,2023-12-15,21.66,22.35,21.44,21.79,18786440
3578,2023-12-14,22.7,22.7,21.7,21.7,16645451
3577,2023-12-13,23.0,23.13,22.31,22.31,18996301
3576,2023-12-12,22.91,23.09,22.74,22.78,11034403
3575,2023-12-11,23.34,23.34,22.48,22.78,12435083
3574,2023-12-08,22.96,23.43,22.57,23.13,24612445
3573,2023-12-07,23.6,23.73,22.13,22.87,33286808
3572,2023-12-06,22.91,23.69,22.65,23.56,23666710
3571,2023-12-05,22.96,23.17,22.83,22.91,17816381
3570,2023-12-04,22.13,23.22,22.09,22.96,28955876
3569,2023-12-01,21.66,21.96,21.23,21.7,13471243
3568,2023-11-30,21.66,22.05,21.36,21.36,16951715
3567,2023-11-29,21.27,21.7,21.14,21.66,15257245
3566,2023-11-28,20.75,21.31,20.36,21.18,18822016
3565,2023-11-27,21.66,21.75,20.88,20.88,12987063
3564,2023-11-24,21.62,21.7,20.32,21.62,34213884
3563,2023-11-23,23.13,23.3,21.4,21.4,37523476
3562,2023-11-22,22.39,23.17,22.31,23.0,25662345
3561,2023-11-21,22.91,22.96,22.31,22.44,16106869
3560,2023-11-20,21.62,22.74,21.36,22.48,21038742
3559,2023-11-17,22.74,23.09,21.36,22.13,36156190
3558,2023-11-16,21.27,22.57,21.27,22.57,28438888
3557,2023-11-15,21.96,22.31,21.36,21.49,25536221
3556,2023-11-14,21.92,22.05,21.18,21.4,18096123
3555,2023-11-13,21.4,21.75,20.97,21.62,22521432
3554,2023-11-10,20.88,22.39,20.88,21.1,35137194
3553,2023-11-09,21.1,21.79,20.84,21.18,28710524
3552,2023-11-08,19.28,20.66,19.15,20.66,26445653
3551,2023-11-07,19.41,19.84,19.19,19.32,17973720
3550,2023-11-06,19.5,19.71,19.11,19.71,14765722
3549,2023-11-03,19.32,19.58,18.89,19.28,26874702
3548,2023-11-02,18.2,19.02,18.07,19.02,26234623
3547,2023-11-01,17.81,17.81,16.86,17.81,19778284
3546,2023-10-31,17.72,18.33,17.29,17.47,24269794
3545,2023-10-30,18.11,18.68,17.51,17.51,18927633
3544,2023-10-27,17.51,18.29,17.12,18.29,23898253
3543,2023-10-26,17.51,17.6,16.9,17.12,37083487
3542,2023-10-25,18.5,18.76,18.16,18.16,19800511
3541,2023-10-24,17.6,18.42,17.47,18.42,16059615
3540,2023-10-23,17.68,18.16,17.29,17.34,15665194
3539,2023-10-20,16.47,17.6,16.47,17.6,17633612
3538,2023-10-19,17.47,17.72,16.47,16.47,23376159
3537,2023-10-18,18.98,19.11,17.6,17.6,24321511
3536,2023-10-17,20.49,20.49,18.89,18.89,11012967
3535,2023-10-16,20.49,20.84,20.02,20.28,13600164
3534,2023-10-13,20.06,20.92,19.76,20.49,15452001
3533,2023-10-12,20.41,20.84,20.19,20.58,13870610
3532,2023-10-11,19.84,20.23,19.24,20.23,14035958
3531,2023-10-10,20.15,20.28,19.71,19.84,13884462
3530,2023-10-09,19.24,20.15,19.02,20.02,14287092
3529,2023-10-06,18.72,19.28,17.98,19.28,21905402
3528,2023-10-05,20.41,20.62,18.85,18.85,18903195
3527,2023-10-04,19.02,20.66,19.02,20.23,19187219
3526,2023-10-03,21.27,21.31,20.19,20.19,27947229
3525,2023-10-02,21.7,22.05,21.49,21.7,7945517
3524,2023-09-29,21.57,21.79,21.31,21.7,17035738
3523,2023-09-28,21.79,21.92,21.05,21.18,19593134
3522,2023-09-27,21.18,22.05,20.36,22.05,17008564
3521,2023-09-26,20.32,21.49,20.28,21.18,25384297
3520,2023-09-25,22.05,22.39,20.62,20.62,26122117
3519,2023-09-22,23.17,23.26,22.13,22.13,28835865
3518,2023-09-21,24.56,24.56,23.78,23.78,17164796
3517,2023-09-20,23.86,24.73,23.6,24.47,16502535
3516,2023-09-19,23.34,23.78,22.87,23.69,20004202
3515,2023-09-18,23.34,23.69,23.09,23.17,16827240
3514,2023-09-15,23.73,24.08,23.34,23.52,17738594
3513,2023-09-14,24.38,24.51,23.6,23.6,27455426
3512,2023-09-13,25.07,25.46,24.21,24.56,24198437
3511,2023-09-12,24.04,25.03,23.52,25.03,24152211
3510,2023-09-11,25.51,25.59,24.04,24.04,33632437
3509,2023-09-08,25.25,25.68,25.16,25.42,15453328
3508,2023-09-07,25.64,25.94,25.16,25.38,21759408
3507,2023-09-06,24.86,25.51,24.56,25.46,26755913
3506,2023-09-05,24.9,25.42,24.77,25.03,17380595
3505,2023-08-31,24.99,25.29,24.77,24.77,17007346
3504,2023-08-30,24.04,24.77,23.73,24.64,30077613
3503,2023-08-29,24.12,24.86,23.95,23.95,25720527
3502,2023-08-28,23.39,23.95,23.17,23.95,20810129
3501,2023-08-25,23.26,23.95,23.26,23.34,29425547
3500,2023-08-24,21.83,23.26,21.7,23.26,33414656
3499,2023-08-23,22.31,22.57,21.75,21.75,19644289
3498,2023-08-22,21.96,22.22,20.75,21.96,23167951
3497,2023-08-21,22.05,22.44,21.1,21.96,26443459
3496,2023-08-18,23.78,23.99,22.39,22.39,50674019
3495,2023-08-17,24.77,24.86,24.04,24.04,21748534
3494,2023-08-16,23.73,24.64,23.26,24.64,31518852
3493,2023-08-15,24.04,24.17,23.56,23.69,20545105
3492,2023-08-14,23.39,24.34,23.26,23.78,32714376
3491,2023-08-11,22.48,22.91,21.92,22.91,23069903
3490,2023-08-10,22.31,22.83,22.22,22.26,19247731
3489,2023-08-09,22.48,22.78,22.31,22.31,20427314
3488,2023-08-08,23.04,23.13,22.52,22.65,24391738
3487,2023-08-07,23.43,23.43,22.74,23.04,21497641
3486,2023-08-04,22.48,23.52,22.22,23.26,36225715
3485,2023-08-03,21.88,22.39,21.66,22.13,26841716
3484,2023-08-02,21.53,22.09,21.44,21.88,17898405
3483,2023-08-01,22.61,22.65,21.53,21.53,27821007
3482,2023-07-31,21.96,22.57,21.49,22.48,37776690
3481,2023-07-28,22.48,22.87,21.96,22.13,41108124
3480,2023-07-27,22.0,22.65,21.75,22.48,46590102
3479,2023-07-26,22.05,22.39,21.7,22.0,25410955
3478,2023-07-25,21.62,22.26,21.44,22.13,40719093
3477,2023-07-24,21.75,22.13,21.49,21.62,33716245
3476,2023-07-21,20.06,21.44,20.02,21.44,41042526
3475,2023-07-20,19.71,20.06,19.28,20.06,29016470
3474,2023-07-19,20.45,20.62,19.8,19.84,39479023
3473,2023-07-18,20.06,20.45,19.76,20.19,32304631
3472,2023-07-17,19.58,20.49,19.54,20.02,47543111
3471,2023-07-14,19.45,19.45,18.85,19.37,21475104
3470,2023-07-13,18.33,19.28,18.2,19.11,35996560
3469,2023-07-12,18.29,18.37,17.98,18.2,12773251
3468,2023-07-11,18.68,18.76,18.16,18.24,15333817
3467,2023-07-10,17.98,18.76,17.98,18.5,15650710
3466,2023-07-07,17.94,18.07,17.29,17.98,16245419
3465,2023-07-06,18.37,18.55,17.81,18.03,18184086
3464,2023-07-05,18.76,18.81,18.37,18.37,10758201
3463,2023-07-04,18.07,18.63,17.98,18.59,15192037
3462,2023-07-03,18.33,18.46,17.98,18.07,11252252
3461,2023-06-30,18.16,18.37,17.9,18.2,18193065
3460,2023-06-29,19.19,19.28,18.24,18.24,48154576
3459,2023-06-28,19.93,19.97,19.37,19.37,21503219
3458,2023-06-27,20.15,20.15,19.63,19.76,18345825
3457,2023-06-26,19.63,20.15,19.02,19.97,36674924
3456,2023-06-23,19.93,20.02,19.54,19.71,21983056
3455,2023-06-22,19.19,20.06,19.11,19.93,47770355
3454,2023-06-21,18.94,18.98,18.55,18.76,22214307
3453,2023-06-20,18.55,18.94,18.42,18.89,18883632
3452,2023-06-19,18.16,18.72,17.9,18.33,21122603
3451,2023-06-16,18.07,18.46,17.94,17.98,25063559
3450,2023-06-15,17.72,17.9,17.55,17.77,9999388
3449,2023-06-14,18.33,18.59,17.72,17.72,15129442
3448,2023-06-13,17.77,18.37,17.47,18.11,23345878
3447,2023-06-12,17.98,18.07,17.25,17.51,20150034
3446,2023-06-09,18.07,18.29,17.12,18.07,29075496
3445,2023-06-08,19.15,19.24,17.98,17.98,28207390
3444,2023-06-07,18.37,19.19,18.37,19.02,24951613
3443,2023-06-06,18.29,18.63,17.98,18.46,21351348
3442,2023-06-05,18.98,19.02,18.33,18.33,24034859
3441,2023-06-02,19.54,19.54,18.63,18.85,22627202
3440,2023-06-01,18.63,19.24,18.59,19.15,23106700
3439,2023-05-31,18.2,18.72,17.98,18.46,21740600
3438,2023-05-30,18.42,18.76,18.03,18.11,27595751
3437,2023-05-29,18.33,18.42,17.98,18.07,15836201
3436,2023-05-26,17.77,18.29,17.51,17.98,15839248
3435,2023-05-25,17.81,18.11,17.16,17.77,21195685
3434,2023-05-24,17.9,18.55,17.9,18.03,26293129
3433,2023-05-23,17.81,18.11,17.6,17.81,21731314
3432,2023-05-22,17.98,17.98,17.47,17.72,12997380
3431,2023-05-19,17.08,17.72,16.43,17.72,31934420
3430,2023-05-18,18.03,18.11,16.73,16.73,33836650
3429,2023-05-17,18.33,18.68,17.98,17.98,21839658
3428,2023-05-16,17.51,18.16,17.47,18.16,21183262
3427,2023-05-15,18.07,18.29,17.47,17.47,19767510
3426,2023-05-12,17.72,17.94,17.55,17.85,18629315
3425,2023-05-11,16.69,17.68,16.6,17.68,35783268
3424,2023-05-10,16.0,16.86,16.0,16.56,21294742
3423,2023-05-09,16.3,16.38,15.82,16.0,16322524
3422,2023-05-08,16.77,16.77,15.91,16.3,28916849
3421,2023-05-05,16.34,16.69,15.78,16.47,22038614
3420,2023-05-04,16.17,16.95,16.0,16.34,29604112
3419,2023-04-28,15.3,16.17,15.13,16.17,34099663
3418,2023-04-27,14.66,15.48,14.61,15.13,32604077
3417,2023-04-26,14.14,14.61,14.05,14.61,12009264
3416,2023-04-25,14.83,15.04,14.01,14.01,23957553
3415,2023-04-24,14.87,15.0,14.22,14.61,16072437
3414,2023-04-21,14.87,15.35,14.66,14.79,20170953
3413,2023-04-20,14.87,15.09,14.4,14.83,14382277
3412,2023-04-19,15.35,15.52,14.7,14.7,24550300
3411,2023-04-18,14.09,15.04,13.75,15.04,33222625
3410,2023-04-17,14.01,14.14,13.66,14.09,14378386
3409,2023-04-14,15.13,15.22,14.01,14.01,40584276
3408,2023-04-13,15.13,15.52,14.74,15.04,24490407
3407,2023-04-12,15.17,15.43,14.57,14.87,20612970
3406,2023-04-11,14.74,15.13,14.01,15.13,41258849
3405,2023-04-10,15.22,15.39,14.74,15.04,26985075
3404,2023-04-07,14.01,14.7,13.79,14.7,27910926
3403,2023-04-06,13.66,14.31,13.49,13.75,31904391
3402,2023-04-05,12.75,13.4,12.67,13.4,19503651
3401,2023-04-04,12.62,13.1,12.62,12.88,17010992
3400,2023-04-03,12.19,12.45,12.06,12.45,20435945
3399,2023-03-31,11.2,11.76,11.07,11.67,14816386
3398,2023-03-30,11.67,11.67,11.15,11.15,11280699
3397,2023-03-29,11.24,11.41,11.02,11.37,8404676
3396,2023-03-28,11.67,11.72,11.15,11.15,15149490
3395,2023-03-27,11.15,11.5,11.07,11.46,16547276
3394,2023-03-24,10.89,11.24,10.72,11.02,19037349
3393,2023-03-23,10.46,10.81,10.42,10.81,9958000
3392,2023-03-22,10.72,10.89,10.55,10.59,10981756
3391,2023-03-21,10.29,10.51,10.03,10.42,11351537
3390,2023-03-20,10.63,10.81,10.12,10.12,10265025
3389,2023-03-17,10.68,10.89,10.46,10.76,17509804
3388,2023-03-16,10.12,10.55,9.94,10.38,12890490
3387,2023-03-15,9.94,10.16,9.77,10.16,9497918
3386,2023-03-14,10.03,10.12,9.38,9.51,11715592
3385,2023-03-13,9.94,10.33,9.94,10.03,6804390
3384,2023-03-10,10.29,10.42,10.16,10.2,9152671
3383,2023-03-09,10.72,10.81,10.42,10.46,6711650
3382,2023-03-08,10.12,10.72,10.12,10.55,8570528
3381,2023-03-07,10.94,10.94,10.25,10.33,10810057
3380,2023-03-06,10.55,10.85,10.46,10.85,12771995
3379,2023-03-03,10.72,10.98,10.16,10.16,22845886
3378,2023-03-02,10.89,11.33,10.81,10.89,6192663
3377,2023-03-01,10.89,11.24,10.89,10.89,34571182
3376,2023-02-28,11.59,11.8,11.5,11.67,4494477
3375,2023-02-27,11.89,11.89,11.41,11.41,6988797
3374,2023-02-24,12.36,12.49,11.89,11.93,4406836
3373,2023-02-23,12.36,12.54,11.59,12.32,10164540
3372,2023-02-22,12.93,13.14,12.36,12.36,11557590
3371,2023-02-21,13.4,13.66,13.23,13.23,10780682
3370,2023-02-20,12.45,13.1,12.45,13.1,12469996
3369,2023-02-17,12.36,12.84,12.28,12.28,7749490
3368,2023-02-16,12.32,12.41,12.02,12.28,4818780
3367,2023-02-15,11.46,12.23,11.41,12.1,6967382
3366,2023-02-14,11.46,11.67,11.33,11.46,4776396
3365,2023-02-13,12.1,12.1,11.46,11.46,15154815
3364,2023-02-10,12.84,12.84,12.19,12.28,7577310
3363,2023-02-09,12.93,13.23,12.8,12.8,4940749
3362,2023-02-08,13.06,13.23,12.36,12.93,8543719
3361,2023-02-07,13.7,13.83,12.97,12.97,9217478
3360,2023-02-06,13.4,13.83,13.19,13.75,5360076
3359,2023-02-03,13.75,13.88,13.23,13.53,9383283
3358,2023-02-02,14.14,14.27,13.23,13.49,13084313
3357,2023-02-01,15.35,15.48,14.09,14.09,19794205
3356,2023-01-31,14.79,15.13,14.57,15.13,13728562
3355,2023-01-30,13.92,14.91,13.75,14.7,17895460
3354,2023-01-27,14.53,14.66,13.96,13.96,9196872
3353,2023-01-19,14.35,14.61,14.09,14.27,9270758
3352,2023-01-18,13.66,14.31,13.49,14.31,13976480
3351,2023-01-17,12.88,13.4,12.88,13.4,7547441
3350,2023-01-16,13.19,13.23,12.88,12.88,5253694
3349,2023-01-13,13.27,13.49,13.1,13.19,5971102
3348,2023-01-12,13.57,13.57,13.14,13.14,4789285
3347,2023-01-11,13.23,13.83,13.19,13.4,7322591
3346,2023-01-10,12.88,13.23,12.49,13.06,5993765
3345,2023-01-09,13.32,13.4,12.8,12.8,6431816
3344,2023-01-06,13.66,13.96,13.06,13.06,9500655
3343,2023-01-05,13.62,13.92,13.19,13.7,8353755
3342,2023-01-04,13.57,13.96,13.49,13.57,11589876
3341,2023-01-03,12.45,13.23,12.45,13.23,6309933
3340,2022-12-30,12.97,13.06,12.36,12.36,6046777
3339,2022-12-29,13.57,13.92,12.8,12.8,8425319
3338,2022-12-28,13.96,14.09,13.4,13.57,9492211
3337,2022-12-27,12.1,13.62,12.02,13.62,13940361
3336,2022-12-26,13.79,13.79,12.75,12.75,9110708
3335,2022-12-23,13.83,14.27,13.57,13.7,6586054
3334,2022-12-22,13.96,14.09,13.1,13.92,13003757
3333,2022-12-21,14.87,14.87,13.49,13.49,18041948
3332,2022-12-20,15.39,15.52,14.48,14.48,27138026
3331,2022-12-19,16.69,17.03,15.56,15.56,19124323
3330,2022-12-16,15.35,16.43,15.17,16.43,22317169
3329,2022-12-15,15.09,15.95,14.74,15.74,13995247
3328,2022-12-14,16.43,16.43,15.39,15.39,13170360
3327,2022-12-13,14.91,15.95,14.31,15.95,28587664
3326,2022-12-12,16.6,17.12,15.35,15.35,20858125
3325,2022-12-09,16.17,16.47,15.22,16.47,22991193
3324,2022-12-08,14.87,15.43,14.83,15.43,17120243
3323,2022-12-07,14.7,15.48,14.44,14.44,26944898
3322,2022-12-06,16.69,17.64,15.52,15.52,44258387
3321,2022-12-05,16.56,16.69,15.87,16.69,18022408
3320,2022-12-02,15.56,15.61,14.14,15.61,37019146
3319,2022-12-01,14.61,14.61,13.23,14.61,30689716
3318,2022-11-30,12.8,13.66,12.36,13.66,21475615
3317,2022-11-29,12.84,12.84,11.76,12.8,45782429
3316,2022-11-28,12.02,12.02,11.93,12.02,6095344
3315,2022-11-25,10.89,11.24,10.63,11.24,20635774
3314,2022-11-24,9.86,10.76,9.77,10.51,28702540
3313,2022-11-23,10.98,11.33,10.46,10.46,18984476
3312,2022-11-22,11.54,11.72,10.55,11.24,36530693
3311,2022-11-21,10.98,10.98,10.76,10.98,29417426
3310,2022-11-18,9.68,10.29,9.08,10.29,29367122
3309,2022-11-17,9.47,9.99,9.47,9.64,16822788
3308,2022-11-16,8.13,9.34,8.13,9.34,51951301
3307,2022-11-15,8.73,8.73,8.73,8.73,1084479
3306,2022-11-14,9.38,9.55,9.38,9.38,20553679
3305,2022-11-11,10.38,11.02,10.07,10.07,19515883
3304,2022-11-10,10.81,11.28,10.81,10.81,13225829
3303,2022-11-09,11.59,13.1,11.59,11.59,57343687
3302,2022-11-08,12.45,12.45,12.45,12.45,1246142
3301,2022-11-07,13.36,13.36,13.36,13.36,2480391
3300,2022-11-04,15.3,15.35,14.35,14.35,13207125
3299,2022-11-03,15.17,16.25,15.17,15.39,12261865
3298,2022-11-02,16.43,16.99,16.08,16.08,10311298
3297,2022-11-01,15.56,16.34,15.48,16.34,17203127
3296,2022-10-31,16.0,16.17,15.3,15.3,19035821
3295,2022-10-28,17.64,18.16,16.43,16.43,10872436
3294,2022-10-27,15.35,17.42,15.35,17.12,27053243
3293,2022-10-26,16.95,17.64,16.47,16.47,7713189
3292,2022-10-25,17.68,19.45,17.68,17.68,14030944
3291,2022-10-24,20.15,20.32,18.98,18.98,5005821
3290,2022-10-21,21.88,21.88,20.36,20.36,10096181
3289,2022-10-20,22.39,22.7,21.83,21.88,5163911
3288,2022-10-19,22.91,23.09,22.57,22.57,5442216
3287,2022-10-18,21.62,22.65,21.36,22.65,11733563
3286,2022-10-17,21.62,21.79,20.58,21.18,8406444
3285,2022-10-14,22.35,22.74,22.05,22.09,6059705
3284,2022-10-13,21.62,22.44,21.44,21.88,5799615
3283,2022-10-12,19.89,22.05,19.84,21.36,12546997
3282,2022-10-11,22.31,22.74,21.31,21.31,8805969
3281,2022-10-10,21.53,22.96,21.49,22.91,9242928
3280,2022-10-07,22.31,23.04,21.96,23.04,16534026
3279,2022-10-06,24.64,24.69,23.09,23.6,8616829
3278,2022-10-05,23.69,24.81,23.43,24.64,9030672
3277,2022-10-04,23.78,24.21,22.31,23.3,13443588
3276,2022-10-03,24.69,25.33,23.91,23.91,6426550
3275,2022-09-30,25.51,25.68,24.12,25.68,13035506
3274,2022-09-29,26.98,27.24,25.85,25.94,5301511
3273,2022-09-28,25.94,27.11,25.59,26.63,7602891
3272,2022-09-27,27.24,27.58,25.94,26.72,4925200
3271,2022-09-26,26.8,27.58,25.85,27.58,18104400
3270,2022-09-23,28.53,28.88,27.8,27.8,4695100
3269,2022-09-22,28.1,28.92,28.1,28.66,4581400
3268,2022-09-21,28.19,29.14,28.01,28.45,3782600
3267,2022-09-20,28.53,28.96,27.75,28.58,5185300
3266,2022-09-19,29.22,29.4,27.24,28.53,11066200
3265,2022-09-16,30.43,30.52,29.09,29.14,8242600
3264,2022-09-15,30.91,31.3,30.65,30.65,3726300
3263,2022-09-14,29.83,31.3,29.83,30.78,8125100
3262,2022-09-13,31.13,31.13,30.26,30.78,5019300
3261,2022-09-12,31.99,31.99,31.13,31.13,4596189
3260,2022-09-09,30.61,31.99,28.53,31.99,12071300
3259,2022-09-08,32.16,32.25,30.26,30.26,8796700
3258,2022-09-07,33.16,33.55,31.56,31.56,7796900
3257,2022-09-06,32.68,33.59,32.55,33.29,6322700
3256,2022-09-05,32.86,33.37,32.6,32.6,5268200
3255,2022-08-31,32.16,33.33,31.99,32.86,9204300
3254,2022-08-30,34.59,34.76,32.86,32.86,7561700
3253,2022-08-29,33.72,34.41,32.86,34.41,9304600
3252,2022-08-26,34.76,35.45,34.33,34.67,9010000
3251,2022-08-25,34.24,35.1,34.07,34.59,6039400
3250,2022-08-24,34.76,34.97,34.11,34.24,5231700
3249,2022-08-23,32.47,34.59,32.47,34.59,7628500
3248,2022-08-22,34.67,34.97,32.86,32.99,14506300
3247,2022-08-19,35.28,35.88,34.76,35.19,6441900
3246,2022-08-18,35.45,35.75,35.02,35.28,6327400
3245,2022-08-17,35.75,37.01,35.54,35.62,11277600
3244,2022-08-16,35.19,35.88,35.02,35.67,6431900
3243,2022-08-15,35.45,35.58,34.8,35.19,5604000
3242,2022-08-12,34.59,35.41,34.24,35.06,6583700
3241,2022-08-11,36.83,36.92,34.15,34.59,12624900
3240,2022-08-10,35.32,37.01,35.15,36.4,9908200
3239,2022-08-09,35.36,35.93,34.89,35.41,5416600
3238,2022-08-08,36.23,36.23,34.97,35.23,7035900
3237,2022-08-05,34.15,35.71,33.98,35.49,8401900
3236,2022-08-04,34.71,35.36,34.15,34.28,6926300
3235,2022-08-03,33.29,34.24,33.29,34.15,8645000
3234,2022-08-02,34.54,34.97,33.55,34.24,7561800
3233,2022-08-01,33.24,34.67,33.24,34.2,6472200
3232,2022-07-29,33.72,33.81,33.12,33.12,6789200
3231,2022-07-28,32.55,33.76,32.29,33.68,14804200
3230,2022-07-27,30.22,31.56,29.83,31.56,5391000
3229,2022-07-26,30.69,31.13,30.35,30.35,4550600
3228,2022-07-25,30.26,31.0,29.7,30.43,6768300
3227,2022-07-22,31.13,31.6,30.78,30.87,6017800
3226,2022-07-21,31.82,31.86,31.21,31.47,12848600
3225,2022-07-20,29.63,30.4,29.06,29.77,10392600
3224,2022-07-19,27.75,29.66,27.29,28.88,9137100
3223,2022-07-18,29.77,30.16,27.71,28.1,16873900
3222,2022-07-15,30.79,31.43,29.73,29.73,8695400
3221,2022-07-14,29.09,30.62,29.09,30.05,7828700
3220,2022-07-13,30.48,30.79,28.95,29.48,12115800
3219,2022-07-12,28.88,30.4,28.88,30.4,7827700
3218,2022-07-11,27.5,28.81,26.93,28.42,11810400
3217,2022-07-08,26.22,27.25,25.98,27.25,17592700
3216,2022-07-07,25.16,25.83,25.05,25.48,4664100
3215,2022-07-06,24.13,26.19,24.13,24.73,7774500
3214,2022-07-05,25.9,26.22,24.42,24.73,5039800
3213,2022-07-04,26.44,26.93,25.8,25.94,4006100
3212,2022-07-01,24.45,26.79,23.39,25.87,10675100
3211,2022-06-30,26.86,27.04,25.05,25.09,11006100
3210,2022-06-29,26.93,27.99,26.47,26.93,7551500
3209,2022-06-28,25.94,27.36,25.51,27.36,7692800
3208,2022-06-27,24.77,26.19,24.1,25.59,7919600
3207,2022-06-24,25.9,27.25,24.84,24.84,11785600
3206,2022-06-23,25.37,25.55,24.52,25.55,7562800
3205,2022-06-22,23.03,23.88,22.25,23.88,9381300
3204,2022-06-21,22.68,23.96,22.33,22.33,9522800
3203,2022-06-20,25.51,26.54,23.99,23.99,9576900
3202,2022-06-17,26.22,26.93,25.76,25.76,13824800
3201,2022-06-16,30.48,31.15,27.68,27.68,9400600
3200,2022-06-15,31.96,32.92,29.73,29.73,11625500
3199,2022-06-14,33.31,35.08,31.96,31.96,6744800
3198,2022-06-13,35.37,36.07,34.3,34.3,8268800
3197,2022-06-10,37.92,38.56,36.85,36.85,5341900
3196,2022-06-09,39.12,40.04,38.63,38.63,3018900
3195,2022-06-08,37.92,40.11,37.78,38.98,5147800
3194,2022-06-07,37.56,37.56,35.29,37.49,8167800
3193,2022-06-06,41.04,41.04,37.7,37.7,6583300
3192,2022-06-03,39.19,41.39,38.63,40.54,6547600
3191,2022-06-02,41.46,42.38,39.33,39.48,8799600
3190,2022-06-01,42.52,42.88,40.75,41.46,9351600
3189,2022-05-31,43.23,44.44,42.31,42.81,7891700
3188,2022-05-30,43.23,44.44,42.74,43.52,4998500
3187,2022-05-27,41.82,43.94,41.46,42.67,6944200
3186,2022-05-26,42.52,43.45,41.53,41.82,5243400
3185,2022-05-25,41.74,43.59,40.61,42.59,7680300
3184,2022-05-24,37.92,41.11,36.5,41.11,8674200
3183,2022-05-23,41.96,42.1,38.84,38.84,9667200
3182,2022-05-20,39.62,41.96,39.26,41.74,8215900
3181,2022-05-19,37.85,39.83,37.85,39.26,6854900
3180,2022-05-18,37.78,39.26,37.42,39.26,9176500
3179,2022-05-17,34.37,36.71,34.02,36.71,6108200
3178,2022-05-16,36.85,37.0,34.37,34.37,7130300
3177,2022-05-13,37.21,37.21,34.83,34.83,12420600
3176,2022-05-12,40.33,41.04,37.42,37.42,9288300
3175,2022-05-11,38.98,40.19,35.79,40.19,11641300
3174,2022-05-10,33.38,37.56,33.24,37.56,14106500
3173,2022-05-09,37.21,37.49,35.72,35.72,8771200
3172,2022-05-06,39.69,40.75,38.34,38.34,7020300
3171,2022-05-05,44.22,44.44,40.33,41.18,7119400
3170,2022-05-04,45.0,45.93,43.23,43.23,7016700
3169,2022-04-29,43.23,46.78,43.23,46.07,7752100
3168,2022-04-28,45.71,46.56,43.59,43.8,6421200
3167,2022-04-27,43.23,45.64,39.76,45.64,10375100
3166,2022-04-26,37.14,42.67,37.14,42.67,10288800
3165,2022-04-25,43.94,44.51,39.9,39.9,7833700
3164,2022-04-22,43.94,47.49,42.67,42.88,8698700
3163,2022-04-21,45.86,48.9,45.86,45.86,10454900
3162,2022-04-20,50.32,51.95,49.26,49.26,4799400
3161,2022-04-19,52.73,53.51,51.03,51.17,6611100
3160,2022-04-18,47.63,51.88,46.21,51.88,10012700
3159,2022-04-15,51.45,52.38,49.12,49.12,9914000
3158,2022-04-14,57.05,57.41,52.59,52.8,6108300
3157,2022-04-13,55.99,56.34,51.45,56.34,9730800
3156,2022-04-12,60.17,60.88,55.14,55.14,6089800
3155,2022-04-08,58.9,60.24,58.12,59.25,4901100
3154,2022-04-07,60.6,61.66,57.55,58.82,8675400
3153,2022-04-06,65.2,65.91,61.66,61.66,13156200
3152,2022-04-05,65.27,68.75,65.27,66.27,6003300
3151,2022-04-04,70.8,70.87,67.33,67.33,4270500
3150,2022-04-01,65.56,69.24,64.49,69.03,4855800
3149,2022-03-31,67.61,68.89,64.49,65.56,4177200
3148,2022-03-30,71.58,73.0,66.9,67.33,8157400
3147,2022-03-29,68.75,71.94,68.39,71.94,4454900
3146,2022-03-28,69.67,70.8,67.26,67.26,15773100
3145,2022-03-25,74.56,75.48,72.29,72.29,5003100
3144,2022-03-24,76.54,77.39,74.13,74.56,3746100
3143,2022-03-23,72.65,75.83,71.58,75.27,4624200
3142,2022-03-22,74.42,76.61,72.01,72.65,5213100
3141,2022-03-21,68.04,72.01,67.97,72.01,5941800
3140,2022-03-18,65.2,68.96,64.85,67.33,8715500
3139,2022-03-17,64.49,65.56,64.42,64.92,2982400
3138,2022-03-16,65.77,65.77,64.07,64.07,2939600
3137,2022-03-15,65.2,65.35,63.79,64.71,3092200
3136,2022-03-14,60.95,65.2,60.24,63.43,5620700
3135,2022-03-11,63.43,64.49,61.31,62.37,3944800
3134,2022-03-10,65.06,65.91,63.93,64.49,3015500
3133,2022-03-09,62.94,63.08,58.33,62.44,6316400
3132,2022-03-08,63.93,66.2,62.09,62.09,9470200
3131,2022-03-07,68.68,69.1,65.91,66.69,4292900
3130,2022-03-04,66.62,69.88,65.77,68.18,5264200
3129,2022-03-03,65.91,66.98,65.2,66.2,3361900
3128,2022-03-02,66.55,67.68,63.79,65.42,4674900
3127,2022-03-01,61.02,65.2,60.95,65.2,7356500
3126,2022-02-28,61.66,63.08,59.53,60.95,4523200
3125,2022-02-25,64.0,65.13,62.44,62.44,4180300
3124,2022-02-24,65.2,66.62,61.31,61.94,10818300
3123,2022-02-23,63.79,66.62,62.65,65.91,6058000
3122,2022-02-22,62.65,65.42,62.65,62.65,12212200
3121,2022-02-21,66.62,69.17,65.42,67.33,4792200
3120,2022-02-18,60.24,64.92,59.53,64.85,5543100
3119,2022-02-17,61.8,63.08,59.53,60.74,7571800
3118,2022-02-16,58.47,59.82,58.12,59.82,3266800
3117,2022-02-15,53.01,55.92,52.45,55.92,4811200
3116,2022-02-14,46.78,52.3,46.78,52.3,6599000
3115,2022-02-11,50.32,53.08,48.9,48.9,4926000
3114,2022-02-10,51.67,51.67,50.46,51.67,4090600
3113,2022-02-09,42.1,48.34,42.1,48.34,10218600
3112,2022-02-08,45.29,46.71,45.22,45.22,6680600
3111,2022-02-07,52.8,54.57,48.55,48.55,5271400
3110,2022-01-28,52.16,54.64,52.16,52.16,9074500
3109,2022-01-27,60.24,60.95,56.06,56.06,3013300
3108,2022-01-26,59.6,63.64,59.53,60.24,4680400
3107,2022-01-25,54.64,61.02,54.64,59.53,7432700
3106,2022-01-24,63.93,64.49,58.75,58.75,6567200
3105,2022-01-21,63.15,63.15,59.04,63.15,8261400
3104,2022-01-20,51.38,59.04,51.38,59.04,13033500
3103,2022-01-19,55.21,55.21,55.21,55.21,680900
3102,2022-01-18,59.32,59.32,59.32,59.32,700800
3101,2022-01-17,70.66,70.8,63.72,63.72,8371300
3100,2022-01-14,68.39,75.13,68.39,68.46,12905300
3099,2022-01-13,79.38,82.21,73.5,73.5,6175500
3098,2022-01-12,84.34,88.59,79.02,79.02,13756100
3097,2022-01-11,81.5,84.91,79.73,84.91,5806500
3096,2022-01-10,82.14,88.73,79.38,79.38,6048800
3095,2022-01-07,78.74,82.99,76.54,82.99,4244200
3094,2022-01-06,77.39,80.72,76.54,77.61,5140200
3093,2022-01-05,78.39,78.39,75.13,78.39,5196200
3092,2022-01-04,70.87,73.28,69.53,73.28,3536300
3091,2021-12-31,68.75,69.88,67.33,68.53,3207500
3090,2021-12-30,68.75,70.87,67.33,68.04,3465900
3089,2021-12-29,73.0,74.06,67.9,68.75,4962500
3088,2021-12-28,70.66,72.5,68.68,71.94,5198300
3087,2021-12-27,64.49,68.25,63.43,68.25,4182600
3086,2021-12-24,61.8,66.05,61.8,63.79,4147200
3085,2021-12-23,68.32,68.39,63.5,63.5,10207800
3084,2021-12-22,69.46,70.16,67.4,68.25,4751700
3083,2021-12-21,61.31,65.91,60.24,65.91,6335000
3082,2021-12-20,64.49,64.57,60.24,61.66,7237000
3081,2021-12-17,64.35,65.91,61.66,64.49,8913300
3080,2021-12-16,58.4,61.8,57.76,61.8,6229700
3079,2021-12-15,58.12,58.12,56.34,57.76,5651900
3078,2021-12-14,52.59,55.28,52.59,55.21,5154300
3077,2021-12-13,48.55,51.88,48.19,51.88,9044700
3076,2021-12-10,49.61,50.32,48.34,48.55,4534600
3075,2021-12-09,48.41,49.54,48.41,49.19,3314100
3074,2021-12-08,48.41,50.67,47.2,48.41,6444100
3073,2021-12-07,46.56,48.55,44.65,48.19,4209800
3072,2021-12-06,47.06,47.77,43.8,45.64,5764800
3071,2021-12-03,49.12,50.6,46.07,46.07,5574400
3070,2021-12-02,47.49,49.26,46.56,48.41,4803100
3069,2021-12-01,48.12,48.12,46.21,46.35,6227400
3068,2021-11-30,49.82,51.03,47.27,48.55,9366600
3067,2021-11-29,48.9,50.89,48.26,49.68,4815600
3066,2021-11-26,51.17,51.17,48.19,49.54,8802900
3065,2021-11-25,45.43,47.84,45.43,47.84,2718000
3064,2021-11-24,44.72,45.71,43.23,44.72,4730800
3063,2021-11-23,42.95,45.93,42.95,43.23,13201500
3062,2021-11-22,49.61,50.6,46.14,46.14,10200200
3061,2021-11-19,53.86,53.86,47.63,49.61,8220000
3060,2021-11-18,48.9,50.96,48.26,50.96,5074000
3059,2021-11-17,47.2,48.19,46.78,47.63,5045600
3058,2021-11-16,46.92,49.47,46.28,47.49,9677300
3057,2021-11-15,50.89,53.51,46.78,48.19,12342900
3056,2021-11-12,47.56,50.25,47.13,50.25,6613800
3055,2021-11-11,45.93,46.99,44.3,46.99,8510700
3054,2021-11-10,42.52,43.94,41.82,43.94,6260900
3053,2021-11-09,39.05,41.46,38.77,41.11,8542000
3052,2021-11-08,39.41,40.4,38.7,39.41,7357400
3051,2021-11-05,41.11,41.67,39.33,39.41,6322900
3050,2021-11-04,38.27,40.75,36.36,39.76,15810500
3049,2021-11-03,44.08,44.08,38.41,38.41,22938300
3048,2021-11-02,40.4,41.25,40.4,41.25,4217600
3047,2021-11-01,36.07,38.56,35.29,38.56,11113000
3046,2021-10-29,35.37,36.71,35.08,36.07,10850400
3045,2021-10-28,33.31,34.73,33.17,34.73,6773800
3044,2021-10-27,31.43,32.81,31.18,32.74,8079900
3043,2021-10-26,29.2,30.79,28.63,30.69,12336200
3042,2021-10-25,30.48,31.08,29.2,29.2,9600700
3041,2021-10-22,28.7,30.23,28.38,30.19,10895300
3040,2021-10-21,27.57,28.35,27.32,28.28,7651500
3039,2021-10-20,26.4,27.85,26.4,27.18,9870500
3038,2021-10-19,26.97,27.04,26.44,26.47,8316400
3037,2021-10-18,26.61,27.22,26.61,27.04,8939900
3036,2021-10-15,26.72,27.07,26.01,26.51,9412500
3035,2021-10-14,25.37,26.58,25.3,26.51,13356200
3034,2021-10-13,24.95,25.3,24.73,25.09,7369900
3033,2021-10-12,23.99,24.95,23.78,24.66,11015900
3032,2021-10-11,24.1,24.38,23.74,23.81,7767400
3031,2021-10-08,23.96,24.45,23.67,23.81,7017700
3030,2021-10-07,23.74,24.17,23.57,23.57,6183600
3029,2021-10-06,22.61,23.57,22.33,23.57,12520700
3028,2021-10-05,21.62,22.25,21.26,22.04,4583300
3027,2021-10-04,21.62,22.25,20.91,21.3,6076600
3026,2021-10-01,21.72,22.11,21.62,21.62,4461300
3025,2021-09-30,22.18,22.68,21.94,21.97,3555400
3024,2021-09-29,21.83,22.47,21.55,21.97,6735500
3023,2021-09-28,20.55,21.97,20.41,21.97,8840600
3022,2021-09-27,22.36,22.61,20.84,20.84,10003500
3021,2021-09-24,22.54,22.79,22.4,22.4,4210900
3020,2021-09-23,23.03,23.49,22.54,22.54,5532200
3019,2021-09-22,22.89,23.18,22.54,22.82,4831000
3018,2021-09-21,22.04,23.25,21.69,22.75,11863300
3017,2021-09-20,23.71,24.03,22.68,22.68,11818300
3016,2021-09-17,23.81,24.31,23.6,24.13,9864000
3015,2021-09-16,23.28,23.53,23.0,23.46,5163400
3014,2021-09-15,22.47,23.39,22.33,22.96,4802900
3013,2021-09-14,22.89,23.35,22.04,22.5,11020500
3012,2021-09-13,23.92,24.1,22.93,23.07,13771600
3011,2021-09-10,24.31,24.31,23.81,23.88,6236900
3010,2021-09-09,24.1,24.31,23.74,24.17,4133100
3009,2021-09-08,23.42,24.13,23.42,23.81,6705600
3008,2021-09-07,24.45,24.59,23.39,23.6,18877300
3007,2021-09-06,25.48,25.69,24.7,24.73,12458200
3006,2021-09-01,24.66,25.51,24.52,25.27,8905000
3005,2021-08-31,23.96,25.23,23.74,24.73,18841000
3004,2021-08-30,23.96,24.38,23.6,23.88,11127900
3003,2021-08-27,22.68,24.45,22.61,23.88,17419500
3002,2021-08-26,23.6,23.74,22.68,23.07,8716500
3001,2021-08-25,21.83,23.18,21.69,23.18,9676500
3000,2021-08-24,23.39,23.53,21.62,21.69,13581300
2999,2021-08-23,22.86,23.74,22.4,23.0,13341300
2998,2021-08-20,24.35,24.73,22.96,23.03,22874200
2997,2021-08-19,24.45,25.02,24.45,24.66,7994000
2996,2021-08-18,22.68,24.38,22.61,24.1,12154000
2995,2021-08-17,23.71,23.78,22.79,22.79,17656000
2994,2021-08-16,24.81,24.81,24.03,24.03,13009500
2993,2021-08-13,22.68,24.52,21.9,24.1,15929400
2992,2021-08-12,21.97,23.18,21.97,23.07,18911600
2991,2021-08-11,21.47,21.86,21.05,21.69,15671800
2990,2021-08-10,22.11,22.29,21.08,21.47,22463500
2989,2021-08-09,20.77,21.9,20.73,21.83,14605800
2988,2021-08-06,19.7,21.01,19.42,20.59,17865900
2987,2021-08-05,19.28,19.95,19.17,19.67,10349700
2986,2021-08-04,18.68,19.49,18.64,19.28,19655200
2985,2021-08-03,17.97,18.39,17.82,18.32,7361000
2984,2021-08-02,17.9,18.5,17.86,17.93,5303900
2983,2021-07-30,17.86,18.53,17.79,18.14,8428600
2982,2021-07-29,17.75,17.86,17.51,17.82,5504400
2981,2021-07-28,17.29,18.07,17.22,17.68,7046200
2980,2021-07-27,17.72,17.75,17.01,17.36,6942500
2979,2021-07-26,16.51,17.72,16.44,17.47,6889400
2978,2021-07-23,16.8,17.36,16.62,16.66,7180600
2977,2021-07-22,15.56,16.66,15.41,16.66,7460500
2976,2021-07-21,15.8,16.05,15.59,15.59,2280800
2975,2021-07-20,15.66,15.95,14.95,15.8,3168200
2974,2021-07-19,16.05,16.66,15.59,15.59,5933700
2973,2021-07-16,16.27,16.87,16.23,16.76,4053500
2972,2021-07-15,15.84,16.51,15.84,16.27,1987800
2971,2021-07-14,16.09,16.66,15.73,16.12,3196900
2970,2021-07-13,15.95,16.19,15.59,16.16,2159900
2969,2021-07-12,16.37,16.37,15.52,16.16,5701400
2968,2021-07-09,16.51,16.66,15.59,16.66,3355000
2967,2021-07-08,16.3,17.01,16.19,16.44,4320900
2966,2021-07-07,16.23,16.44,15.49,15.95,5843200
2965,2021-07-06,17.72,17.72,16.44,16.44,6108500
2964,2021-07-05,18.07,18.11,17.58,17.65,4773800
2963,2021-07-02,18.5,18.5,18.07,18.07,4055600
2962,2021-07-01,18.18,18.43,18.0,18.39,3660900
2961,2021-06-30,18.5,18.5,18.18,18.18,2660800
2960,2021-06-29,18.78,18.78,18.43,18.5,2988800
2959,2021-06-28,18.11,18.78,18.0,18.71,6787100
2958,2021-06-25,18.0,18.25,17.75,18.14,3732300
2957,2021-06-24,18.18,18.36,17.86,18.0,4146700
2956,2021-06-23,18.85,18.89,18.18,18.21,7469200
2955,2021-06-22,19.21,19.28,18.78,18.92,3702100
2954,2021-06-21,19.14,19.38,18.96,19.06,5415900
2953,2021-06-18,18.71,19.49,18.43,19.17,10892800
2952,2021-06-17,18.07,18.85,18.07,18.64,4574800
2951,2021-06-16,18.71,19.24,18.57,18.64,7697300
2950,2021-06-15,18.07,18.71,17.82,18.57,5490100
2949,2021-06-14,17.93,18.36,17.72,18.07,4313300
2948,2021-06-11,17.51,18.07,17.36,17.86,5915700
2947,2021-06-10,18.07,18.21,17.36,17.51,7400000
2946,2021-06-09,18.14,18.46,17.36,18.32,6433300
2945,2021-06-08,19.49,19.99,18.43,18.5,7883400
2944,2021-06-07,19.9,19.93,18.41,19.08,7216200
2943,2021-06-04,19.51,19.99,19.51,19.78,7540200
2942,2021-06-03,19.38,19.63,19.08,19.48,7911900
2941,2021-06-02,19.51,19.81,18.96,19.14,7367900
2940,2021-06-01,19.44,20.29,19.44,19.69,5572300
2939,2021-05-31,18.9,19.38,18.45,19.32,7717600
2938,2021-05-28,19.2,19.32,18.87,19.05,5309000
2937,2021-05-27,18.29,19.38,18.29,18.78,8583300
2936,2021-05-26,17.78,18.48,17.69,18.29,8263200
2935,2021-05-25,18.29,18.54,17.9,17.9,6398800
2934,2021-05-24,17.05,18.23,17.05,18.23,13356900
2933,2021-05-21,16.78,17.26,16.66,17.05,5507700
2932,2021-05-20,16.02,16.78,15.87,16.72,4162400
2931,2021-05-19,16.11,16.33,15.93,16.05,5388000
2930,2021-05-18,16.9,16.96,16.36,16.42,4099800
2929,2021-05-17,17.35,17.51,16.84,16.96,3421000
2928,2021-05-14,16.99,17.57,16.9,17.32,6557900
2927,2021-05-13,17.02,17.26,16.9,16.99,4119800
2926,2021-05-12,16.84,17.14,16.72,17.05,3816800
2925,2021-05-11,16.23,17.26,16.17,16.78,7519400
2924,2021-05-10,16.23,16.57,16.02,16.29,2803400
2923,2021-05-07,16.84,16.9,16.26,16.39,2877300
2922,2021-05-06,16.6,17.14,16.48,16.84,4692300
2921,2021-05-05,16.48,16.69,16.45,16.6,3565600
2920,2021-05-04,15.75,16.57,15.69,16.36,2559400
2919,2021-04-29,16.05,16.66,15.99,16.2,2157900
2918,2021-04-28,15.96,16.29,15.84,16.02,1726000
2917,2021-04-27,16.17,16.29,15.93,15.93,2776600
2916,2021-04-26,16.96,16.96,16.23,16.23,2015500
2915,2021-04-23,16.48,16.96,16.05,16.96,3311500
2914,2021-04-22,16.96,17.29,16.54,16.57,3356300
2913,2021-04-20,17.78,17.81,16.96,17.29,2726600
2912,2021-04-19,17.2,17.69,16.9,17.63,3177500
2911,2021-04-16,17.51,17.6,16.72,17.2,6207600
2910,2021-04-15,18.05,18.11,17.57,17.57,4035000
2909,2021-04-14,17.87,18.11,17.69,18.05,3294800
2908,2021-04-13,18.78,18.78,17.93,18.11,5191300
2907,2021-04-12,18.63,18.78,18.35,18.69,5356300
2906,2021-04-09,18.78,18.78,18.54,18.57,3320600
2905,2021-04-08,17.87,18.78,17.84,18.72,10477800
2904,2021-04-07,17.29,17.9,17.14,17.75,3419700
2903,2021-04-06,17.51,17.6,17.32,17.45,2170200
2902,2021-04-05,17.75,17.93,17.45,17.63,3027200
2901,2021-04-02,17.99,18.14,17.57,17.69,3454700
2900,2021-04-01,16.93,17.57,16.72,17.57,2053500
2899,2021-03-31,16.96,17.02,16.66,16.72,1511900
2898,2021-03-30,17.05,17.05,16.72,16.9,2756700
2897,2021-03-29,16.52,16.74,16.38,16.52,3139800
2896,2021-03-26,16.52,16.74,15.64,16.47,3871100
2895,2021-03-25,16.8,17.02,16.44,16.71,2822700
2894,2021-03-24,16.85,17.13,16.47,16.8,5067300
2893,2021-03-23,17.73,17.76,17.02,17.13,4698300
2892,2021-03-22,17.9,17.93,17.51,17.76,3742500
2891,2021-03-19,17.62,18.04,17.62,17.87,5792900
2890,2021-03-18,17.24,17.9,17.1,17.57,6024700
2889,2021-03-17,17.07,17.29,17.04,17.18,3387900
2888,2021-03-16,17.4,17.46,17.02,17.21,3373400
2887,2021-03-15,17.62,17.81,17.37,17.46,4324300
2886,2021-03-12,17.07,17.84,16.96,17.51,8198600
2885,2021-03-11,17.07,17.07,16.8,16.91,3437600
2884,2021-03-10,16.85,16.96,16.52,16.82,2295100
2883,2021-03-09,16.66,17.18,16.05,16.8,4092600
2882,2021-03-08,17.02,17.07,16.63,16.8,3977100
2881,2021-03-05,16.69,16.93,16.25,16.8,5172100
2880,2021-03-04,17.73,17.84,16.63,17.02,5940300
2879,2021-03-03,17.73,17.87,17.57,17.73,5704700
2878,2021-03-02,18.09,18.12,17.81,17.84,4039900
2877,2021-03-01,18.28,18.34,17.9,18.04,3684900
2876,2021-02-26,17.07,18.17,16.99,18.04,6989700
2875,2021-02-25,17.24,17.46,17.02,17.21,5124400
2874,2021-02-24,17.35,17.57,16.8,17.07,6517300
2873,2021-02-23,17.07,17.4,16.8,17.13,3087500
2872,2021-02-22,17.46,17.51,16.85,17.04,3052500
2871,2021-02-19,16.77,17.62,16.74,17.32,4262200
2870,2021-02-18,16.77,17.02,16.52,16.96,4573000
2869,2021-02-17,16.3,16.74,16.19,16.71,3014600
2868,2021-02-09,15.86,16.25,15.47,16.05,2238000
2867,2021-02-08,16.3,17.02,15.2,15.86,5152900
2866,2021-02-05,15.75,16.3,15.42,16.3,3989500
2865,2021-02-04,15.97,16.19,15.53,15.69,3422300
2864,2021-02-03,15.58,16.19,15.39,15.97,4069400
2863,2021-02-02,15.14,15.61,14.65,15.25,3892900
2862,2021-02-01,14.48,15.25,14.04,14.76,4716600
2861,2021-01-29,13.77,15.31,13.77,14.79,8174300
2860,2021-01-28,14.79,15.14,14.79,14.79,2765800
2859,2021-01-27,16.8,16.99,15.89,15.89,6653000
2858,2021-01-26,18.28,18.28,16.96,17.07,4933000
2857,2021-01-25,17.9,18.83,17.9,18.23,6015400
2856,2021-01-22,18.34,18.67,18.09,18.17,3990300
2855,2021-01-21,18.01,18.37,17.07,18.37,3773300
2854,2021-01-20,17.87,18.12,16.63,17.62,4201900
2853,2021-01-19,19.16,19.38,17.87,17.87,3821000
2852,2021-01-18,19.85,19.85,18.94,19.19,6304500
2851,2021-01-15,18.72,18.81,18.37,18.56,4032600
2850,2021-01-14,18.23,18.67,18.12,18.48,4045000
2849,2021-01-13,18.72,18.83,18.28,18.39,4217000
2848,2021-01-12,17.35,18.53,17.02,18.53,5545800
2847,2021-01-11,17.43,17.57,17.02,17.32,2381400
2846,2021-01-08,17.62,17.81,17.24,17.37,3082700
2845,2021-01-07,17.18,17.7,16.8,17.51,5114000
2844,2021-01-06,17.84,17.87,16.91,17.18,4237900
2843,2021-01-05,16.52,17.4,16.41,17.35,7069400
2842,2021-01-04,15.53,16.3,15.42,16.27,7909000
2841,2020-12-31,15.14,15.39,15.03,15.25,2312570
2840,2020-12-30,15.42,15.75,15.06,15.06,3939190
2839,2020-12-29,14.43,15.23,14.32,15.03,5659820
2838,2020-12-28,14.59,14.7,14.35,14.4,4346940
2837,2020-12-25,14.37,14.87,14.26,14.43,2328570
2836,2020-12-24,14.81,14.95,13.85,14.57,5946530
2835,2020-12-23,15.2,15.2,14.59,14.87,3666820
2834,2020-12-22,15.14,15.36,15.06,15.31,3156420
2833,2020-12-21,15.14,15.36,14.84,15.31,6100610
2832,2020-12-18,14.26,15.17,14.26,15.06,6476930
2831,2020-12-17,13.85,14.37,13.71,14.26,4142520
2830,2020-12-16,13.99,14.21,13.9,13.99,2877220
2829,2020-12-15,14.32,14.43,13.77,13.96,4494850
2828,2020-12-14,13.99,14.54,13.74,14.35,3857790
2827,2020-12-11,13.49,13.9,13.27,13.82,3403730
2826,2020-12-10,14.24,14.24,13.55,13.55,7480540
2825,2020-12-09,14.54,14.54,14.26,14.26,3902570
2824,2020-12-08,14.43,14.65,14.26,14.46,3643160
2823,2020-12-07,14.37,14.76,13.9,14.4,4605900
2822,2020-12-04,14.59,15.06,14.13,14.59,6448020
2821,2020-12-03,14.1,14.15,13.77,14.15,3521260
2820,2020-12-02,12.94,13.24,12.72,13.24,5619890
2819,2020-12-01,12.23,12.89,12.23,12.39,8146210
2818,2020-11-30,12.17,12.67,12.01,12.34,5399340
2817,2020-11-27,11.56,12.34,11.56,11.95,4639810
2816,2020-11-26,11.65,11.78,11.54,11.56,2404020
2815,2020-11-25,11.73,11.84,11.45,11.76,3422440
2814,2020-11-24,11.81,11.89,11.59,11.73,3227320
2813,2020-11-23,11.7,12.01,11.62,11.65,2066260
2812,2020-11-20,11.37,11.81,11.34,11.65,2942400
2811,2020-11-19,11.56,11.56,11.34,11.37,2308570
2810,2020-11-18,11.48,11.65,11.37,11.45,2349900
2809,2020-11-17,11.45,11.48,11.32,11.48,2465550
2808,2020-11-16,11.21,11.54,11.12,11.32,5099720
2807,2020-11-13,11.12,11.21,10.99,11.15,3034670
2806,2020-11-12,10.88,11.29,10.77,11.12,2436400
2805,2020-11-11,10.82,10.99,10.77,10.88,2226740
2804,2020-11-10,11.12,11.23,10.79,10.85,3855660
2803,2020-11-09,11.01,11.23,10.96,11.12,3792160
2802,2020-11-06,10.93,11.1,10.82,11.01,1894420
2801,2020-11-05,11.29,11.29,10.93,10.93,2009220
2800,2020-11-04,10.74,11.37,10.74,11.21,7604770
2799,2020-11-03,10.68,10.71,10.57,10.68,1424920
2798,2020-11-02,10.55,10.71,10.55,10.63,1491620
2797,2020-10-30,10.74,10.74,10.41,10.55,2657280
2796,2020-10-29,10.57,10.82,10.52,10.55,2678150
2795,2020-10-28,10.57,10.9,10.52,10.52,4443690
2794,2020-10-27,10.68,10.77,10.55,10.63,2883500
2793,2020-10-26,10.74,11.01,10.52,10.74,6975230
2792,2020-10-23,10.74,10.79,10.49,10.57,1967510
2791,2020-10-22,10.49,10.74,10.35,10.68,2432340
2790,2020-10-21,10.79,11.07,10.52,10.52,2639450
2789,2020-10-20,10.33,10.79,10.24,10.79,4615600
2788,2020-10-19,10.02,10.52,9.88,10.33,4382630
2787,2020-10-16,9.91,10.41,9.88,10.08,3603210
2786,2020-10-15,9.77,9.97,9.58,9.86,2842470
2785,2020-10-14,9.8,9.83,9.61,9.77,2202370
2784,2020-10-13,9.91,10.02,9.83,9.83,1934130
2783,2020-10-12,10.35,10.55,10.0,10.0,4457970
2782,2020-10-09,10.13,10.19,9.83,10.13,3176960
2781,2020-10-08,9.75,9.86,9.47,9.86,5360750
2780,2020-10-07,9.72,10.24,9.66,9.75,3920670
2779,2020-10-06,10.02,10.41,9.64,9.83,5528700
2778,2020-10-05,10.13,10.16,9.64,10.13,7500610
2777,2020-10-02,8.92,9.5,8.89,9.5,4112670
2776,2020-10-01,8.54,8.89,8.45,8.89,3530660
2775,2020-09-30,8.29,8.56,8.26,8.4,4110520
2774,2020-09-29,8.45,8.59,8.15,8.29,2710770
2773,2020-09-28,8.07,8.4,8.01,8.26,3498850
2772,2020-09-25,8.01,8.07,7.93,8.01,956720
2771,2020-09-24,7.9,8.1,7.9,8.01,1875070
2770,2020-09-23,8.01,8.07,7.93,7.96,1274730
2769,2020-09-22,7.87,8.04,7.85,8.01,1056290
2768,2020-09-21,7.99,8.21,7.87,7.96,2222270
2767,2020-09-18,7.87,8.15,7.76,8.01,1617820
2766,2020-09-17,7.9,7.99,7.68,7.85,2857800
2765,2020-09-16,7.87,8.01,7.82,7.99,1778680
2764,2020-09-15,7.87,8.12,7.87,7.93,3450400
2763,2020-09-14,7.54,7.87,7.54,7.82,2757700
2762,2020-09-11,7.38,7.57,7.35,7.52,2018590
2761,2020-09-10,7.46,7.49,7.41,7.41,1450980
2760,2020-09-09,7.38,7.49,7.27,7.46,1166460
2759,2020-09-08,7.38,7.49,7.35,7.41,1725590
2758,2020-09-07,7.21,7.57,7.16,7.35,4945420
2757,2020-09-04,7.08,7.16,7.05,7.16,1303070
2756,2020-09-03,7.16,7.21,7.1,7.13,1377660
2755,2020-09-01,7.1,7.21,7.1,7.16,1027820
2754,2020-08-31,7.32,7.38,7.13,7.13,2063120
2753,2020-08-28,7.24,7.38,7.19,7.19,2092330
2752,2020-08-27,7.27,7.3,7.16,7.21,1263650
2751,2020-08-26,7.08,7.35,7.02,7.27,2319110
2750,2020-08-25,7.1,7.16,6.97,7.08,2154980
2749,2020-08-24,7.1,7.24,7.05,7.08,2086710
2748,2020-08-21,6.99,7.1,6.97,7.02,1431230
2747,2020-08-20,7.02,7.1,6.97,6.99,659540
2746,2020-08-19,7.08,7.1,7.02,7.08,1433580
2745,2020-08-18,6.94,7.13,6.94,7.05,1985090
2744,2020-08-17,6.97,6.97,6.83,6.91,925430
2743,2020-08-14,6.99,7.05,6.94,6.97,794740
2742,2020-08-13,6.99,7.08,6.94,6.99,971120
2741,2020-08-12,6.8,7.08,6.8,6.99,2122580
2740,2020-08-11,6.8,6.83,6.75,6.8,369820
2739,2020-08-10,6.8,6.86,6.77,6.8,859180
2738,2020-08-07,6.8,6.83,6.5,6.8,938260
2737,2020-08-06,6.91,6.94,6.77,6.77,713030
2736,2020-08-05,6.86,6.97,6.77,6.94,1371480
2735,2020-08-04,6.83,6.91,6.8,6.86,518480
2734,2020-08-03,6.75,6.8,6.61,6.8,1061230
2733,2020-07-31,6.61,6.83,6.61,6.69,905010
2732,2020-07-30,6.66,6.77,6.61,6.75,605280
2731,2020-07-29,6.72,6.77,6.44,6.77,1409900
2730,2020-07-28,6.77,6.94,6.61,6.8,1497590
2729,2020-07-27,6.5,6.77,6.31,6.77,4211890
2728,2020-07-24,6.99,7.02,6.61,6.77,1752990
2727,2020-07-23,7.02,7.1,6.94,7.08,870080
2726,2020-07-22,7.13,7.19,6.97,7.02,703280
2725,2020-07-21,7.19,7.24,7.1,7.13,1101940
2724,2020-07-20,7.49,7.49,7.13,7.13,1066200
2723,2020-07-17,7.49,7.6,7.38,7.43,1010710
2722,2020-07-16,7.54,7.54,7.38,7.43,1148560
2721,2020-07-15,7.6,7.68,7.54,7.54,1022160
2720,2020-07-14,7.43,7.6,7.41,7.52,814620
2719,2020-07-13,7.35,7.68,7.32,7.52,2668160
2718,2020-07-10,7.35,7.46,7.27,7.35,866960
2717,2020-07-09,7.13,7.54,7.13,7.43,4201640
2716,2020-07-08,6.94,7.13,6.88,7.13,1307570
2715,2020-07-07,7.16,7.16,6.99,6.99,751350
2714,2020-07-06,7.13,7.19,6.97,7.13,734240
2713,2020-07-03,6.75,7.16,6.72,7.13,1446490
2712,2020-07-02,6.72,6.86,6.66,6.75,680740
2711,2020-07-01,6.61,6.8,6.61,6.77,707110
2710,2020-06-30,6.69,6.77,6.55,6.75,1882420
2709,2020-06-29,6.69,6.69,6.31,6.69,1944850
2708,2020-06-26,6.75,7.02,6.69,6.69,682720
2707,2020-06-25,6.66,6.83,6.61,6.83,630320
2706,2020-06-24,6.86,6.88,6.69,6.8,989120
2705,2020-06-23,6.69,6.91,6.69,6.86,1228080
2704,2020-06-22,6.8,6.83,6.66,6.8,718120
2703,2020-06-19,6.58,6.8,6.58,6.77,1217400
2702,2020-06-18,6.53,6.61,6.47,6.61,807310
2701,2020-06-17,6.69,6.83,6.58,6.61,797480
2700,2020-06-16,6.66,6.75,6.55,6.69,834780
2699,2020-06-15,6.75,6.77,6.33,6.64,1784580
2698,2020-06-12,6.5,6.77,6.5,6.77,1769700
2697,2020-06-11,7.3,7.49,6.8,6.83,2818360
2696,2020-06-10,6.99,7.38,6.91,7.3,1984620
2695,2020-06-09,7.1,7.19,6.99,7.02,1451000
2694,2020-06-08,6.99,7.16,6.94,7.08,1976560
2693,2020-06-05,7.02,7.02,6.88,6.99,891190
2692,2020-06-04,7.08,7.08,6.91,6.99,1056460
2691,2020-06-03,6.83,7.02,6.83,6.94,892370
2690,2020-06-02,6.77,7.08,6.77,6.83,3323690
2689,2020-06-01,6.66,6.83,6.64,6.72,569410
2688,2020-05-29,6.66,6.69,6.55,6.66,605980
2687,2020-05-28,6.61,6.66,6.5,6.66,1242790
2686,2020-05-27,6.77,6.8,6.61,6.61,1059910
2685,2020-05-26,6.75,6.8,6.66,6.75,1006110
2684,2020-05-25,6.66,6.83,6.55,6.66,1204050
2683,2020-05-22,6.66,6.77,6.61,6.72,734910
2682,2020-05-21,6.8,6.88,6.72,6.72,760480
2681,2020-05-20,6.55,6.86,6.53,6.8,2556190
2680,2020-05-19,6.55,6.72,6.53,6.55,1219190
2679,2020-05-18,6.58,6.58,6.47,6.55,903500
2678,2020-05-15,6.55,6.61,6.39,6.58,1312550
2677,2020-05-14,6.55,6.69,6.53,6.58,972630
2676,2020-05-13,6.66,6.75,6.53,6.61,1141710
2675,2020-05-12,6.55,6.8,6.44,6.72,945260
2674,2020-05-11,6.42,6.55,6.25,6.55,1675860
2673,2020-05-08,6.28,6.5,6.28,6.39,2580160
2672,2020-05-07,6.25,6.28,6.17,6.28,754260
2671,2020-05-06,6.22,6.28,6.17,6.25,667010
2670,2020-05-05,6.06,6.22,6.06,6.22,339970
2669,2020-05-04,6.17,6.17,6.0,6.14,965810
2668,2020-04-29,6.25,6.28,6.17,6.22,960250
2667,2020-04-28,6.28,6.31,6.2,6.28,497130
2666,2020-04-27,6.39,6.42,6.22,6.28,1095700
2665,2020-04-24,6.17,6.44,6.06,6.33,3072790
2664,2020-04-23,6.33,6.33,6.17,6.17,552770
2663,2020-04-22,6.06,6.28,6.0,6.28,1130910
2662,2020-04-21,6.28,6.31,5.98,6.28,2704130
2661,2020-04-20,6.44,6.44,6.28,6.39,1514450
2660,2020-04-17,6.44,6.47,6.33,6.36,1868890
2659,2020-04-16,6.14,6.44,6.14,6.36,1739850
2658,2020-04-15,6.22,6.31,6.14,6.25,1664740
2657,2020-04-14,5.98,6.28,5.95,6.22,2465220
2656,2020-04-13,6.09,6.17,6.0,6.03,1323760
2655,2020-04-10,6.11,6.25,5.95,6.17,1529370
2654,2020-04-09,5.89,6.17,5.86,6.17,2464860
2653,2020-04-08,5.98,5.98,5.78,5.78,1870160
2652,2020-04-07,6.09,6.09,5.89,6.0,1466540
2651,2020-04-06,5.98,6.14,5.95,6.09,2045960
2650,2020-04-03,5.78,6.03,5.73,5.95,1998980
2649,2020-04-01,5.7,5.89,5.48,5.89,2103820
2648,2020-03-31,5.7,5.95,5.41,5.7,2440790
2647,2020-03-30,5.95,5.95,5.64,5.81,2410670
2646,2020-03-27,6.06,6.09,5.92,6.06,1606100
2645,2020-03-26,6.17,6.17,5.89,6.06,1294140
2644,2020-03-25,6.17,6.2,5.95,6.06,906180
2643,2020-03-24,5.84,5.92,5.53,5.92,1548700
2642,2020-03-23,6.11,6.31,5.89,5.89,2354750
2641,2020-03-20,6.31,6.36,6.17,6.33,1511820
2640,2020-03-19,6.25,6.44,6.17,6.39,1123970
2639,2020-03-18,6.44,6.58,6.36,6.44,1203540
2638,2020-03-17,6.06,6.33,5.98,6.33,2376460
2637,2020-03-16,6.33,6.44,6.14,6.33,971660
2636,2020-03-13,6.03,6.47,6.03,6.42,2049070
2635,2020-03-12,6.53,6.91,6.47,6.47,2626960
2634,2020-03-11,6.94,7.05,6.47,6.94,1361650
2633,2020-03-10,6.88,7.05,6.69,6.94,1396790
2632,2020-03-09,7.02,7.1,6.94,6.94,2153190
2631,2020-03-06,7.24,7.43,7.1,7.43,919740
2630,2020-03-05,7.49,7.6,7.21,7.3,1144260
2629,2020-03-04,7.21,7.49,7.19,7.49,2211650
2628,2020-03-03,6.94,7.16,6.91,7.16,806940
2627,2020-03-02,6.91,7.02,6.83,6.83,490500
2626,2020-02-28,6.94,6.99,6.8,6.91,1095910
2625,2020-02-27,7.05,7.05,6.97,6.99,665060
2624,2020-02-26,7.02,7.1,6.91,6.97,557830
2623,2020-02-25,6.94,7.08,6.8,7.05,943960
2622,2020-02-24,6.91,7.05,6.8,6.94,1755640
2621,2020-02-21,7.27,7.43,7.24,7.27,908390
2620,2020-02-20,7.57,7.6,7.43,7.43,925570
2619,2020-02-19,7.43,7.65,7.43,7.46,1452330
2618,2020-02-18,7.24,7.32,7.19,7.32,1300470
2617,2020-02-17,7.1,7.38,7.1,7.21,1394660
2616,2020-02-14,7.13,7.21,7.05,7.16,983250
2615,2020-02-13,6.97,7.13,6.97,7.13,1908600
2614,2020-02-12,6.55,6.97,6.55,6.97,2679770
2613,2020-02-11,6.42,6.58,6.42,6.53,1438680
2612,2020-02-10,6.39,6.53,6.28,6.44,1066490
2611,2020-02-07,6.39,6.58,6.36,6.39,1322960
2610,2020-02-06,6.28,6.33,6.22,6.33,1495560
2609,2020-02-05,6.25,6.31,6.22,6.28,1089750
2608,2020-02-04,6.36,6.36,6.14,6.25,1463880
2607,2020-02-03,6.33,6.53,6.22,6.22,2361500
2606,2020-01-31,6.86,6.94,6.66,6.66,2053420
2605,2020-01-30,7.16,7.16,6.8,6.91,1044820
2604,2020-01-22,7.21,7.3,7.16,7.16,876300
2603,2020-01-21,6.99,7.21,6.99,7.21,497590
2602,2020-01-20,6.94,6.99,6.94,6.99,294050
2601,2020-01-17,7.16,7.16,6.94,6.94,1151600
2600,2020-01-16,7.16,7.19,7.1,7.13,553400
2599,2020-01-15,7.16,7.19,7.1,7.16,270530
2598,2020-01-14,7.16,7.21,7.02,7.16,715360
2597,2020-01-13,7.24,7.32,7.13,7.13,946160
2596,2020-01-10,7.27,7.35,7.21,7.24,553300
2595,2020-01-09,7.21,7.35,7.21,7.24,553820
2594,2020-01-08,7.46,7.46,7.13,7.13,2280630
2593,2020-01-07,7.49,7.65,7.49,7.52,424110
2592,2020-01-06,7.68,7.68,7.52,7.54,470820
2591,2020-01-03,7.6,7.79,7.6,7.65,2242240
2590,2020-01-02,7.54,7.65,7.54,7.6,866500
2589,2019-12-31,7.46,7.6,7.43,7.6,923890
2588,2019-12-30,7.57,7.63,7.43,7.49,866360
2587,2019-12-27,7.65,7.65,7.57,7.57,569460
2586,2019-12-26,7.71,7.82,7.6,7.6,1047700
2585,2019-12-25,7.54,7.76,7.54,7.71,969440
2584,2019-12-24,7.65,7.65,7.43,7.52,1537780
2583,2019-12-23,7.38,7.41,7.3,7.38,449330
2582,2019-12-20,7.35,7.41,7.35,7.38,268340
2581,2019-12-19,7.27,7.41,7.21,7.38,421800
2580,2019-12-18,7.38,7.43,7.27,7.27,641100
2579,2019-12-17,7.52,7.52,7.38,7.38,393420
2578,2019-12-16,7.54,7.57,7.49,7.52,462300
2577,2019-12-13,7.6,7.71,7.52,7.54,743620
2576,2019-12-12,7.41,7.57,7.41,7.54,1405630
2575,2019-12-11,7.3,7.38,7.27,7.38,281710
2574,2019-12-10,7.43,7.43,7.3,7.3,429740
2573,2019-12-09,7.35,7.43,7.32,7.41,561950
2572,2019-12-06,7.38,7.41,7.32,7.35,284110
2571,2019-12-05,7.41,7.43,7.32,7.38,792350
2570,2019-12-04,7.24,7.35,7.13,7.35,380030
2569,2019-12-03,7.21,7.3,7.16,7.16,455030
2568,2019-12-02,7.24,7.3,7.05,7.24,601600
2567,2019-11-29,7.3,7.3,7.19,7.21,227220
2566,2019-11-28,7.27,7.32,7.19,7.27,550060
2565,2019-11-27,7.32,7.38,7.24,7.27,546410
2564,2019-11-26,7.19,7.41,7.19,7.27,581590
2563,2019-11-25,7.27,7.38,7.19,7.19,524750
2562,2019-11-22,7.43,7.49,7.16,7.19,664940
2561,2019-11-21,7.52,7.54,7.43,7.43,488120
2560,2019-11-20,7.63,7.63,7.49,7.49,243810
2559,2019-11-19,7.49,7.57,7.46,7.54,392860
2558,2019-11-18,7.63,7.65,7.49,7.49,385680
2557,2019-11-15,7.43,7.65,7.43,7.6,961380
2556,2019-11-14,7.52,7.52,7.43,7.43,289200
2555,2019-11-13,7.52,7.65,7.49,7.49,480830
2554,2019-11-12,7.38,7.63,7.38,7.52,1073180
2553,2019-11-11,7.43,7.46,7.32,7.32,494350
2552,2019-11-08,7.63,7.63,7.43,7.43,496050
2551,2019-11-07,7.57,7.65,7.54,7.57,243190
2550,2019-11-06,7.52,7.71,7.49,7.6,989810
2549,2019-11-05,7.57,7.6,7.52,7.52,610190
2548,2019-11-04,7.41,7.6,7.41,7.57,930510
2547,2019-11-01,7.38,7.43,7.24,7.38,1296750
2546,2019-10-31,7.65,7.65,7.38,7.38,1465420
2545,2019-10-30,7.6,7.76,7.54,7.65,533700
2544,2019-10-29,7.82,7.82,7.6,7.6,1104730
2543,2019-10-28,7.93,7.99,7.82,7.82,456670
2542,2019-10-25,7.87,7.93,7.85,7.93,283570
2541,2019-10-24,7.79,7.93,7.79,7.87,768260
2540,2019-10-23,7.74,7.82,7.74,7.76,407110
2539,2019-10-22,7.71,7.82,7.68,7.74,512070
2538,2019-10-21,7.85,7.85,7.65,7.71,1261590
2537,2019-10-18,7.85,7.9,7.79,7.79,953710
2536,2019-10-17,8.01,8.01,7.85,7.85,1161380
2535,2019-10-16,8.1,8.12,8.01,8.01,685620
2534,2019-10-15,8.04,8.07,7.99,8.07,727710
2533,2019-10-14,8.1,8.12,8.04,8.04,924530
2532,2019-10-11,7.99,8.07,7.93,7.99,873020
2531,2019-10-10,8.04,8.12,7.99,7.99,1249170
2530,2019-10-09,8.15,8.18,8.01,8.04,1166580
2529,2019-10-08,8.23,8.32,8.12,8.15,1055730
2528,2019-10-07,8.21,8.4,8.07,8.15,2871720
2527,2019-10-04,8.43,8.43,8.1,8.12,949980
2526,2019-10-03,8.12,8.4,8.12,8.32,1708480
2525,2019-10-02,8.32,8.43,8.21,8.23,2442440
2524,2019-10-01,7.99,8.23,7.99,8.23,1334860
2523,2019-09-30,7.93,8.23,7.93,7.99,1806400
2522,2019-09-27,7.99,8.07,7.9,7.93,1126090
2521,2019-09-26,8.04,8.12,7.9,7.99,1465540
2520,2019-09-25,7.71,7.96,7.65,7.96,1558300
2519,2019-09-24,7.57,7.76,7.57,7.74,660060
2518,2019-09-23,7.49,7.76,7.49,7.6,907350
2517,2019-09-20,7.74,7.76,7.49,7.49,547830
2516,2019-09-19,7.79,7.85,7.65,7.74,531300
2515,2019-09-18,7.87,7.96,7.71,7.79,557030
2514,2019-09-17,7.76,7.96,7.76,7.93,830160
2513,2019-09-16,7.79,7.96,7.71,7.85,1233460
2512,2019-09-13,7.65,7.76,7.63,7.74,520880
2511,2019-09-12,7.54,7.71,7.49,7.68,676820
2510,2019-09-11,7.35,7.46,7.3,7.43,477980
2509,2019-09-10,7.52,7.68,7.35,7.35,701930
2508,2019-09-09,7.68,7.68,7.54,7.57,457630
2507,2019-09-06,7.82,7.82,7.68,7.68,283240
2506,2019-09-05,7.76,7.9,7.74,7.79,400870
2505,2019-09-04,7.63,7.79,7.57,7.79,652330
2504,2019-09-03,7.96,7.96,7.6,7.65,769120
2503,2019-08-30,7.87,7.99,7.74,7.9,1046020
2502,2019-08-29,7.9,8.04,7.87,7.87,871900
2501,2019-08-28,8.01,8.12,7.9,7.9,957610
2500,2019-08-27,8.1,8.23,7.96,8.01,2096860
2499,2019-08-26,7.54,7.99,7.52,7.93,2178250
2498,2019-08-23,7.46,7.65,7.41,7.65,1236870
2497,2019-08-22,7.41,7.63,7.41,7.46,679840
2496,2019-08-21,7.43,7.65,7.43,7.43,1411240
2495,2019-08-20,6.94,7.41,6.94,7.41,2533660
2494,2019-08-19,6.83,6.94,6.83,6.94,371940
2493,2019-08-16,6.91,6.94,6.83,6.91,498670
2492,2019-08-15,6.83,6.91,6.69,6.91,422370
2491,2019-08-14,7.05,7.05,6.72,6.83,302360
2490,2019-08-13,6.61,6.74,6.61,6.71,424590
2489,2019-08-12,6.71,6.71,6.61,6.71,321280
2488,2019-08-09,6.74,6.79,6.66,6.74,234300
2487,2019-08-08,6.56,6.77,6.56,6.74,603210
2486,2019-08-07,6.61,6.69,6.56,6.61,532570
2485,2019-08-06,6.69,6.74,6.56,6.58,566070
2484,2019-08-05,6.84,6.95,6.77,6.77,638890
2483,2019-08-02,6.92,6.92,6.82,6.84,362730
2482,2019-08-01,6.84,7.0,6.84,6.95,386190
2481,2019-07-31,6.82,7.03,6.79,6.9,1458230
2480,2019-07-30,7.18,7.18,6.97,7.03,832920
2479,2019-07-29,7.16,7.24,7.16,7.21,564250
2478,2019-07-26,7.21,7.32,7.18,7.18,248780
2477,2019-07-25,7.13,7.39,7.13,7.29,1181200
2476,2019-07-24,7.24,7.29,7.13,7.13,352490
2475,2019-07-23,7.29,7.29,7.13,7.24,502070
2474,2019-07-22,7.29,7.39,7.21,7.24,853290
2473,2019-07-19,7.21,7.53,7.18,7.26,669180
2472,2019-07-18,7.29,7.39,7.21,7.21,788700
2471,2019-07-17,6.97,7.39,6.9,7.39,1927730
2470,2019-07-16,6.95,6.97,6.9,6.92,992790
2469,2019-07-15,6.87,6.97,6.87,6.92,883050
2468,2019-07-12,6.9,7.03,6.87,6.87,569710
2467,2019-07-11,6.87,7.0,6.84,6.92,404970
2466,2019-07-10,6.92,6.97,6.79,6.87,485280
2465,2019-07-09,6.87,6.95,6.79,6.95,843160
2464,2019-07-08,7.0,7.0,6.87,6.87,300800
2463,2019-07-05,6.97,7.0,6.9,6.92,146780
2462,2019-07-04,6.84,7.03,6.84,6.97,498440
2461,2019-07-03,6.87,6.92,6.79,6.82,337630
2460,2019-07-02,7.0,7.0,6.9,6.9,141520
2459,2019-07-01,7.08,7.08,6.82,7.0,424260
2458,2019-06-28,6.87,7.08,6.82,7.08,1069540
2457,2019-06-27,7.08,7.08,6.9,6.9,393060
2456,2019-06-26,7.05,7.16,7.05,7.08,459280
2455,2019-06-25,7.13,7.16,7.05,7.16,504240
2454,2019-06-24,7.16,7.21,7.13,7.16,456990
2453,2019-06-21,7.16,7.21,7.11,7.16,488460
2452,2019-06-20,7.13,7.18,7.08,7.16,468860
2451,2019-06-19,7.18,7.24,7.13,7.13,228050
2450,2019-06-18,7.16,7.24,7.13,7.18,453310
2449,2019-06-17,7.21,7.29,7.16,7.24,224840
2448,2019-06-14,7.11,7.32,7.11,7.32,485540
2447,2019-06-13,7.18,7.18,7.11,7.16,304510
2446,2019-06-12,7.18,7.24,7.13,7.18,420480
2445,2019-06-11,7.08,7.24,7.08,7.24,775820
2444,2019-06-10,7.29,7.37,7.21,7.21,512280
2443,2019-06-07,7.29,7.32,7.21,7.32,324280
2442,2019-06-06,7.16,7.39,7.11,7.26,800170
2441,2019-06-05,7.34,7.42,7.24,7.29,691090
2440,2019-06-04,7.29,7.47,7.26,7.29,865510
2439,2019-06-03,7.42,7.42,7.26,7.29,886290
2438,2019-05-31,7.53,7.53,7.37,7.47,469280
2437,2019-05-30,7.29,7.47,7.26,7.47,2030560
2436,2019-05-29,7.37,7.37,7.26,7.29,679700
2435,2019-05-28,7.34,7.34,7.26,7.34,636500
2434,2019-05-27,7.39,7.42,7.26,7.34,810460
2433,2019-05-24,7.39,7.5,7.34,7.37,668090
2432,2019-05-23,7.47,7.53,7.39,7.39,556710
2431,2019-05-22,7.55,7.6,7.47,7.53,894580
2430,2019-05-21,7.5,7.63,7.5,7.55,836600
2429,2019-05-20,7.5,7.6,7.5,7.5,544480
2428,2019-05-17,7.53,7.6,7.53,7.55,204970
2427,2019-05-16,7.66,7.66,7.53,7.53,352410
2426,2019-05-15,7.6,7.66,7.45,7.66,459300
2425,2019-05-14,7.39,7.6,7.34,7.5,399670
2424,2019-05-13,7.55,7.66,7.34,7.47,740400
2423,2019-05-10,7.74,7.74,7.55,7.55,638250
2422,2019-05-09,7.84,7.84,7.66,7.74,1361090
2421,2019-05-08,7.81,7.84,7.76,7.84,255060
2420,2019-05-07,7.87,7.87,7.79,7.87,433350
2419,2019-05-06,7.87,8.02,7.76,7.87,768930
2418,2019-05-03,7.95,7.97,7.76,7.95,715560
2417,2019-05-02,8.02,8.02,7.95,7.97,550180
2416,2019-04-26,7.87,8.02,7.87,7.97,1040780
2415,2019-04-25,7.92,7.95,7.84,7.87,252240
2414,2019-04-24,7.76,8.0,7.76,7.92,460410
2413,2019-04-23,7.76,7.81,7.68,7.79,406930
2412,2019-04-22,7.76,7.79,7.71,7.76,183530
2411,2019-04-19,7.76,7.84,7.66,7.84,415540
2410,2019-04-18,7.71,7.79,7.55,7.74,713200
2409,2019-04-17,7.92,7.92,7.71,7.81,428410
2408,2019-04-16,7.84,7.89,7.68,7.87,589210
2407,2019-04-12,7.89,7.97,7.87,7.89,181060
2406,2019-04-11,8.02,8.02,7.89,7.97,170660
2405,2019-04-10,7.92,7.97,7.81,7.97,538600
2404,2019-04-09,8.08,8.08,7.87,7.92,576810
2403,2019-04-08,8.02,8.13,7.97,8.02,442440
2402,2019-04-05,8.13,8.18,8.0,8.0,424400
2401,2019-04-04,8.02,8.21,7.95,8.08,854390
2400,2019-04-03,7.87,7.95,7.81,7.95,458160
2399,2019-04-02,8.05,8.05,7.87,7.87,513890
2398,2019-04-01,8.0,8.1,7.95,7.97,672770
2397,2019-03-29,8.21,8.21,7.97,8.0,1064390
2396,2019-03-28,8.08,8.13,8.0,8.08,524600
2395,2019-03-27,8.08,8.23,7.97,8.08,801210
2394,2019-03-26,7.76,8.13,7.71,8.08,1045970
2393,2019-03-25,7.97,8.02,7.68,7.76,1284190
2392,2019-03-22,8.29,8.36,8.18,8.18,929840
2391,2019-03-21,8.5,8.57,8.29,8.29,926500
2390,2019-03-20,8.47,8.5,8.39,8.5,588340
2389,2019-03-19,8.5,8.6,8.39,8.47,1347540
2388,2019-03-18,8.55,8.6,8.44,8.5,1140500
2387,2019-03-15,8.65,8.65,8.55,8.57,516080
2386,2019-03-14,8.5,8.71,8.44,8.6,920040
2385,2019-03-13,8.52,8.63,8.47,8.5,781410
2384,2019-03-12,8.65,8.65,8.39,8.52,875530
2383,2019-03-11,8.47,8.57,8.47,8.5,591110
2382,2019-03-08,8.6,8.71,8.5,8.52,595510
2381,2019-03-07,8.86,8.86,8.71,8.71,1213790
2380,2019-03-06,8.43,8.63,8.4,8.63,1219490
2379,2019-03-05,8.63,8.68,8.48,8.48,1911500
2378,2019-03-04,8.45,8.68,8.45,8.63,2352560
2377,2019-03-01,8.12,8.3,8.12,8.27,691940
2376,2019-02-28,8.33,8.35,8.1,8.12,1264580
2375,2019-02-27,8.0,8.14,8.0,8.02,1413820
2374,2019-02-26,7.85,8.02,7.85,7.95,855500
2373,2019-02-25,8.0,8.05,7.9,7.9,1471100
2372,2019-02-22,8.02,8.09,7.95,8.0,939920
2371,2019-02-21,8.12,8.19,8.0,8.02,1034660
2370,2019-02-20,8.12,8.22,8.09,8.14,593860
2369,2019-02-19,8.12,8.36,8.09,8.12,1574260
2368,2019-02-18,8.14,8.22,8.07,8.12,902630
2367,2019-02-15,8.09,8.24,8.05,8.09,1007190
2366,2019-02-14,8.12,8.26,8.07,8.12,685130
2365,2019-02-13,8.17,8.34,8.14,8.14,1788150
2364,2019-02-12,7.85,8.19,7.85,8.14,2117750
2363,2019-02-11,7.73,7.83,7.68,7.8,342800
2362,2019-02-01,7.71,7.71,7.58,7.66,312360
2361,2019-01-31,7.85,7.88,7.61,7.61,741520
2360,2019-01-30,7.8,7.8,7.73,7.8,395990
2359,2019-01-29,7.68,7.83,7.63,7.8,467750
2358,2019-01-28,7.61,7.78,7.61,7.68,305960
2357,2019-01-25,7.71,7.73,7.58,7.61,761260
2356,2019-01-24,7.85,7.85,7.71,7.71,332870
2355,2019-01-23,7.78,7.88,7.73,7.78,1003670
2354,2019-01-22,7.88,7.88,7.78,7.83,631460
2353,2019-01-21,7.75,7.88,7.68,7.88,706590
2352,2019-01-18,7.61,7.83,7.61,7.75,698010
2351,2019-01-17,7.8,7.83,7.63,7.63,851710
2350,2019-01-16,7.95,8.02,7.8,7.8,1910950
2349,2019-01-15,7.78,7.97,7.75,7.95,1913730
2348,2019-01-14,7.61,7.83,7.56,7.78,1996580
2347,2019-01-11,7.46,7.56,7.44,7.56,1212870
2346,2019-01-10,7.44,7.53,7.44,7.44,464960
2345,2019-01-09,7.41,7.53,7.41,7.46,285720
2344,2019-01-08,7.49,7.58,7.39,7.49,1239630
2343,2019-01-07,7.53,7.53,7.34,7.39,402340
2342,2019-01-04,7.12,7.44,7.12,7.39,646620
2341,2019-01-03,7.49,7.49,7.19,7.22,1106600
2340,2019-01-02,7.56,7.61,7.29,7.29,580840
2339,2018-12-28,7.29,7.78,7.29,7.53,3848030
2338,2018-12-27,7.24,7.39,7.15,7.39,1515510
2337,2018-12-26,7.39,7.39,7.05,7.05,638350
2336,2018-12-25,7.19,7.34,6.93,7.34,2195490
2335,2018-12-24,7.49,7.53,7.36,7.36,446180
2334,2018-12-21,7.39,7.51,7.32,7.51,736670
2333,2018-12-20,7.34,7.49,7.34,7.39,712020
2332,2018-12-19,7.34,7.49,7.32,7.34,658110
2331,2018-12-18,7.34,7.49,7.15,7.32,1909400
2330,2018-12-17,7.66,7.71,7.49,7.49,1113550
2329,2018-12-14,7.95,7.95,7.71,7.73,1317490
2328,2018-12-13,7.78,8.0,7.75,7.92,2013890
2327,2018-12-12,7.73,7.78,7.66,7.75,1945900
2326,2018-12-11,7.46,7.66,7.44,7.63,1703690
2325,2018-12-10,7.44,7.53,7.41,7.46,722160
2324,2018-12-07,7.44,7.66,7.41,7.53,2192930
2323,2018-12-06,7.44,7.53,7.29,7.34,1426320
2322,2018-12-05,7.44,7.51,7.32,7.46,1635120
2321,2018-12-04,7.63,7.71,7.51,7.51,1285730
2320,2018-12-03,7.71,7.75,7.63,7.68,1273000
2319,2018-11-30,7.53,7.58,7.44,7.58,1330190
2318,2018-11-29,7.46,7.58,7.44,7.49,1119700
2317,2018-11-28,7.44,7.51,7.39,7.46,905990
2316,2018-11-27,7.44,7.49,7.39,7.44,1289020
2315,2018-11-26,7.41,7.46,7.39,7.44,611080
2314,2018-11-23,7.39,7.53,7.34,7.49,772920
2313,2018-11-22,7.58,7.61,7.44,7.49,837390
2312,2018-11-21,7.27,7.56,7.22,7.49,1090450
2311,2018-11-20,7.49,7.49,7.36,7.39,625260
2310,2018-11-19,7.07,7.49,7.07,7.49,1075710
2309,2018-11-16,7.0,7.1,6.95,7.02,734580
2308,2018-11-15,6.85,7.05,6.85,6.93,562910
2307,2018-11-14,6.93,7.07,6.93,6.95,477000
2306,2018-11-13,6.9,7.07,6.83,6.93,885810
2305,2018-11-12,6.9,7.05,6.83,6.93,750960
2304,2018-11-09,7.05,7.15,6.9,6.9,416080
2303,2018-11-08,7.19,7.19,7.02,7.05,289610
2302,2018-11-07,7.17,7.17,6.9,7.0,513590
2301,2018-11-06,7.1,7.27,7.1,7.17,976720
2300,2018-11-05,6.95,7.05,6.88,7.05,462510
2299,2018-11-02,6.81,7.0,6.81,6.95,601390
2298,2018-11-01,6.9,6.98,6.76,6.76,700930
2297,2018-10-31,6.68,6.9,6.68,6.9,790110
2296,2018-10-30,6.66,6.81,6.42,6.64,836340
2295,2018-10-29,6.9,6.9,6.66,6.68,917090
2294,2018-10-26,7.19,7.22,6.81,6.81,895590
2293,2018-10-25,6.56,7.07,6.56,7.07,1517540
2292,2018-10-24,7.24,7.39,6.98,6.98,1265460
2291,2018-10-23,7.29,7.44,7.0,7.39,1906270
2290,2018-10-22,8.07,8.07,7.46,7.46,7334150
2289,2018-10-19,7.83,8.07,7.83,8.02,1283640
2288,2018-10-18,8.02,8.12,8.02,8.07,865300
2287,2018-10-17,8.02,8.17,8.02,8.12,1104280
2286,2018-10-16,7.88,8.02,7.8,7.97,1996370
2285,2018-10-15,8.02,8.02,7.83,7.85,958320
2284,2018-10-12,7.78,8.09,7.66,8.02,1240530
2283,2018-10-11,8.07,8.26,7.95,7.95,6901570
2282,2018-10-10,8.68,8.75,8.53,8.53,1476310
2281,2018-10-09,8.65,8.75,8.63,8.68,2863320
2280,2018-10-08,8.56,8.85,8.51,8.65,3366990
2279,2018-10-05,8.7,8.82,8.6,8.65,1902650
2278,2018-10-04,8.65,8.75,8.56,8.75,1304560
2277,2018-10-03,8.46,8.65,8.46,8.56,987810
2276,2018-10-02,8.41,8.6,8.39,8.46,1167700
2275,2018-10-01,8.58,8.65,8.41,8.48,2019540
2274,2018-09-28,8.75,8.8,8.63,8.63,2019590
2273,2018-09-27,8.73,8.8,8.68,8.77,1415180
2272,2018-09-26,8.75,8.92,8.73,8.73,2331850
2271,2018-09-25,8.58,8.92,8.51,8.73,2965510
2270,2018-09-24,8.75,8.75,8.51,8.58,2067020
2269,2018-09-21,8.6,8.65,8.41,8.6,2304770
2268,2018-09-20,8.26,8.6,8.26,8.58,2648540
2267,2018-09-19,8.22,8.46,8.17,8.24,2806830
2266,2018-09-18,7.97,8.19,7.95,8.19,1784550
2265,2018-09-17,8.22,8.26,8.12,8.12,784500
2264,2018-09-14,8.36,8.39,8.17,8.31,1023380
2263,2018-09-13,8.34,8.36,8.24,8.31,633830
2262,2018-09-12,8.22,8.39,8.14,8.26,1592330
2261,2018-09-11,7.92,8.12,7.88,8.12,1687080
2260,2018-09-10,8.14,8.22,7.88,7.92,1405240
2259,2018-09-07,8.02,8.17,7.97,8.12,679850
2258,2018-09-06,8.26,8.26,8.02,8.02,958240
2257,2018-09-05,8.31,8.39,8.14,8.14,1639130
2256,2018-09-04,8.51,8.68,8.34,8.34,1072250
2255,2018-08-31,8.41,8.68,8.39,8.48,1861800
2254,2018-08-30,8.24,8.41,8.24,8.36,1144140
2253,2018-08-29,8.22,8.41,8.17,8.31,1342500
2252,2018-08-28,8.31,8.36,8.19,8.22,1160720
2251,2018-08-27,8.39,8.53,8.22,8.26,1460270
2250,2018-08-24,8.09,8.46,8.02,8.31,1550180
2249,2018-08-23,8.12,8.24,8.09,8.09,1083800
2248,2018-08-22,8.09,8.39,8.09,8.22,1590470
2247,2018-08-21,8.02,8.22,8.02,8.12,1396440
2246,2018-08-20,7.71,8.17,7.68,8.07,3190220
2245,2018-08-17,7.49,7.73,7.49,7.71,1195940
2244,2018-08-16,7.29,7.51,7.29,7.44,762080
2243,2018-08-15,7.63,7.66,7.49,7.49,1092560
2242,2018-08-14,7.78,7.78,7.63,7.63,1250210
2241,2018-08-13,7.57,7.77,7.52,7.57,1699830
2240,2018-08-10,7.64,7.66,7.5,7.54,1224940
2239,2018-08-09,7.15,7.68,7.13,7.61,2340880
2238,2018-08-08,7.06,7.22,6.97,7.2,1006270
2237,2018-08-07,7.31,7.31,7.06,7.06,959190
2236,2018-08-06,7.41,7.5,7.25,7.25,1379150
2235,2018-08-03,7.34,7.5,7.34,7.34,919250
2234,2018-08-02,7.36,7.41,7.13,7.34,1135180
2233,2018-08-01,7.34,7.48,7.29,7.41,1613470
2232,2018-07-31,7.43,7.61,7.34,7.34,1237610
2231,2018-07-30,7.25,7.52,7.25,7.43,1777310
2230,2018-07-27,6.88,7.34,6.88,7.25,1853350
2229,2018-07-26,6.86,6.95,6.7,6.88,1475540
2228,2018-07-25,7.09,7.15,6.67,6.67,2108000
2227,2018-07-24,7.15,7.15,6.7,7.15,3821450
2226,2018-07-23,7.34,7.48,7.11,7.15,2395280
2225,2018-07-20,7.34,7.5,7.22,7.48,1836380
2224,2018-07-19,7.25,7.52,7.11,7.52,2343330
2223,2018-07-18,6.7,7.09,6.7,7.09,6290100
2222,2018-07-17,6.49,6.63,6.49,6.63,1475310
2221,2018-07-16,6.74,6.74,6.51,6.6,1338790
2220,2018-07-13,6.56,6.67,6.54,6.65,1453550
2219,2018-07-12,6.28,6.51,6.26,6.51,1780470
2218,2018-07-11,6.26,6.28,5.98,6.28,3233510
2217,2018-07-10,6.49,6.6,6.42,6.42,811500
2216,2018-07-09,6.7,6.83,6.42,6.47,987200
2215,2018-07-06,6.37,6.72,6.19,6.7,1711810
2214,2018-07-05,6.65,7.02,6.24,6.31,1886790
2213,2018-07-04,6.86,7.11,6.6,6.65,3357080
2212,2018-07-03,7.61,7.66,7.09,7.09,2429070
2211,2018-07-02,8.12,8.12,7.57,7.61,1499550
2210,2018-06-29,8.26,8.35,8.03,8.12,1523910
2209,2018-06-28,8.67,8.67,8.39,8.39,1025400
2208,2018-06-27,8.94,8.99,8.62,8.76,1253710
2207,2018-06-26,8.71,9.17,8.71,8.85,2070500
2206,2018-06-25,8.3,8.81,8.3,8.81,1994310
2205,2018-06-22,7.89,8.23,7.89,8.23,470630
2204,2018-06-21,8.3,8.3,8.0,8.07,302950
2203,2018-06-20,8.12,8.3,7.98,8.21,893590
2202,2018-06-19,8.28,8.3,7.93,7.98,3233760
2201,2018-06-18,8.76,8.92,8.53,8.53,505400
2200,2018-06-15,8.87,8.92,8.69,8.92,521160
2199,2018-06-14,8.69,8.94,8.69,8.76,398930
2198,2018-06-13,8.69,8.9,8.69,8.74,300690
2197,2018-06-12,9.03,9.03,8.48,8.69,1071950
2196,2018-06-11,9.08,9.29,8.71,9.03,1005130
2195,2018-06-08,9.45,9.45,9.24,9.31,675770
2194,2018-06-07,9.63,9.72,9.4,9.45,1276620
2193,2018-06-06,9.63,9.84,9.4,9.77,1273280
2192,2018-06-05,9.17,9.58,9.17,9.58,1452440
2191,2018-06-04,8.94,9.49,8.94,9.31,1439470
2190,2018-06-01,8.6,8.9,8.58,8.9,1437640
2189,2018-05-31,8.64,8.9,8.58,8.58,806370
2188,2018-05-30,8.94,8.94,8.55,8.55,902110
2187,2018-05-29,8.32,8.99,8.23,8.97,3694710
2186,2018-05-28,9.31,9.36,8.85,8.85,2416500
2185,2018-05-25,9.68,9.72,9.49,9.49,1695400
2184,2018-05-24,10.0,10.0,9.68,9.68,477230
2183,2018-05-23,9.68,9.93,9.49,9.93,978660
2182,2018-05-22,9.95,10.23,9.47,9.7,1914690
2181,2018-05-21,10.09,10.43,10.09,10.14,718540
2180,2018-05-18,10.36,10.5,9.88,10.09,947920
2179,2018-05-17,10.64,10.71,10.41,10.41,780340
2178,2018-05-16,9.97,10.64,9.91,10.5,2611630
2177,2018-05-15,9.88,10.23,9.77,9.97,1260530
2176,2018-05-14,9.86,9.95,9.81,9.88,455680
2175,2018-05-11,9.91,10.0,9.86,9.88,497950
2174,2018-05-10,9.88,10.02,9.77,9.95,951780
2173,2018-05-09,10.09,10.09,9.88,9.88,1239280
2172,2018-05-08,10.39,10.39,10.09,10.09,570190
2171,2018-05-07,10.18,10.36,10.0,10.32,781500
2170,2018-05-04,10.18,10.27,10.02,10.02,1029750
2169,2018-05-03,10.09,10.2,9.93,10.18,1168130
2168,2018-05-02,10.18,10.36,9.95,10.32,740830
2167,2018-04-27,10.18,10.32,9.86,10.32,953640
2166,2018-04-26,10.09,10.14,9.72,10.14,1292600
2165,2018-04-24,9.95,10.36,9.86,10.09,1213600
2164,2018-04-23,10.59,10.87,9.91,9.95,1355780
2163,2018-04-20,10.09,10.64,9.77,10.64,1666210
2162,2018-04-19,10.32,10.36,9.86,9.95,2119210
2161,2018-04-18,10.71,10.85,10.48,10.5,1234080
2160,2018-04-17,10.91,10.91,10.57,10.71,1067940
2159,2018-04-16,10.82,10.82,10.64,10.69,902830
2158,2018-04-13,10.98,11.21,10.69,10.98,1900780
2157,2018-04-12,10.78,11.01,10.59,10.96,2356000
2156,2018-04-11,11.26,11.26,10.46,10.59,4946920
2155,2018-04-10,11.88,11.88,11.21,11.24,4183430
2154,2018-04-09,11.74,11.95,11.63,11.83,1624290
2153,2018-04-06,11.79,12.02,11.42,11.74,2559610
2152,2018-04-05,12.02,12.04,11.67,11.69,3607400
2151,2018-04-04,12.36,12.36,11.92,11.97,1486900
2150,2018-04-03,12.15,12.41,12.13,12.24,1518040
2149,2018-04-02,11.88,12.13,11.86,12.13,2301400
2148,2018-03-30,11.95,11.97,11.74,11.79,1505920
2147,2018-03-29,11.69,12.08,11.69,11.92,3118560
2146,2018-03-28,12.38,12.47,11.69,11.69,5471840
2145,2018-03-27,12.57,12.75,12.41,12.41,1962070
2144,2018-03-26,12.43,12.57,12.38,12.45,1218420
2143,2018-03-23,12.47,12.73,12.34,12.43,4031930
2142,2018-03-22,13.0,13.25,12.86,12.89,2450030
2141,2018-03-21,12.84,13.05,12.84,13.05,4566830
2140,2018-03-20,12.84,12.93,12.68,12.8,3536050
2139,2018-03-19,12.61,13.25,12.61,12.89,3895260
2138,2018-03-16,12.52,12.75,12.36,12.61,2002230
2137,2018-03-15,12.66,12.84,12.34,12.47,3312930
2136,2018-03-14,12.93,13.16,12.66,12.66,3144210
2135,2018-03-13,12.66,12.93,12.61,12.84,2037890
2134,2018-03-12,12.47,12.93,12.29,12.66,2788070
2133,2018-03-09,12.38,12.57,12.31,12.34,2708890
2132,2018-03-08,12.41,12.73,12.31,12.31,3753250
2131,2018-03-07,12.57,12.93,12.2,12.52,4636250
2130,2018-03-06,12.06,12.61,11.97,12.61,5905980
2129,2018-03-05,12.38,12.66,12.02,12.02,4587870
2128,2018-03-02,11.47,12.36,11.33,12.34,6768590
2127,2018-03-01,10.78,11.67,10.73,11.56,7535680
2126,2018-02-28,10.89,10.96,10.85,10.91,1808170
2125,2018-02-27,11.1,11.14,10.78,10.94,3081900
2124,2018-02-26,11.01,11.33,10.98,11.05,4362740
2123,2018-02-23,10.85,10.94,10.69,10.94,1042550
2122,2018-02-22,10.82,11.01,10.73,10.75,1253320
2121,2018-02-21,10.89,11.21,10.82,10.91,1616910
2120,2018-02-13,10.55,10.96,10.36,10.89,2412670
2119,2018-02-12,10.14,10.36,10.04,10.36,1108190
2118,2018-02-09,9.61,9.97,9.58,9.88,3522000
2117,2018-02-08,10.09,10.5,10.04,10.27,1642970
2116,2018-02-07,10.04,10.25,9.86,10.23,2586270
2115,2018-02-06,9.54,10.14,9.49,9.58,6073460
2114,2018-02-05,10.8,10.87,10.2,10.2,3966060
2113,2018-02-02,11.01,11.05,10.69,10.96,1866850
2112,2018-02-01,10.73,11.1,10.64,11.05,4758970
2111,2018-01-31,11.6,11.95,10.39,10.39,11441780
2110,2018-01-30,10.18,11.17,10.18,11.17,6763820
2109,2018-01-29,10.46,10.55,10.3,10.46,2060140
2108,2018-01-26,10.66,10.78,10.46,10.46,3233700
2107,2018-01-25,10.34,10.78,10.32,10.55,5055770
2106,2018-01-24,10.34,10.34,10.34,10.34,0
2105,2018-01-23,10.34,10.34,10.34,10.34,0
2104,2018-01-22,10.43,10.43,10.2,10.34,1803420
2103,2018-01-19,10.55,10.62,10.32,10.32,2534480
2102,2018-01-18,10.23,10.48,9.97,10.39,5618870
2101,2018-01-17,10.78,10.78,10.36,10.36,3315830
2100,2018-01-16,10.82,10.96,10.55,10.78,2008940
2099,2018-01-15,10.64,10.91,10.59,10.78,3059400
2098,2018-01-12,11.01,11.24,10.55,10.64,3958000
2097,2018-01-11,10.8,10.96,10.75,10.87,2411000
2096,2018-01-10,11.01,11.14,10.75,10.91,2945650
2095,2018-01-09,10.78,10.96,10.46,10.91,3299510
2094,2018-01-08,10.46,10.73,10.36,10.55,4018670
2093,2018-01-05,10.62,10.85,10.32,10.46,2875060
2092,2018-01-04,10.02,10.59,9.97,10.46,3965060
2091,2018-01-03,9.56,10.0,9.54,9.91,3305720
2090,2018-01-02,9.52,9.56,9.45,9.54,883360
2089,2017-12-29,9.4,9.56,9.33,9.45,1724040
2088,2017-12-28,9.29,9.42,9.15,9.36,2305980
2087,2017-12-27,9.29,9.4,9.26,9.29,948420
2086,2017-12-26,9.36,9.42,9.26,9.29,1222600
2085,2017-12-25,9.54,9.72,9.36,9.36,1708180
2084,2017-12-22,9.77,9.79,9.56,9.58,1311520
2083,2017-12-21,9.63,9.88,9.58,9.88,1251510
2082,2017-12-20,9.47,9.77,9.38,9.63,1658860
2081,2017-12-19,9.58,9.61,9.17,9.4,8058870
2080,2017-12-18,9.88,9.88,9.63,9.63,2151270
2079,2017-12-15,9.84,10.0,9.75,9.81,1687610
2078,2017-12-14,9.81,9.91,9.75,9.79,936520
2077,2017-12-13,9.7,10.0,9.63,9.79,1647010
2076,2017-12-12,9.79,9.81,9.17,9.63,4193710
2075,2017-12-11,9.4,10.14,9.36,9.68,3878540
2074,2017-12-08,9.49,9.77,9.45,9.63,4867660
2073,2017-12-07,8.99,9.4,8.99,9.36,1637630
2072,2017-12-06,9.17,9.22,8.92,9.01,4775000
2071,2017-12-05,9.63,9.63,9.17,9.17,4032090
2070,2017-12-04,9.54,9.72,9.47,9.63,3585410
2069,2017-12-01,9.03,9.54,8.9,9.47,6597890
2068,2017-11-30,9.49,9.88,9.08,9.13,4459310
2067,2017-11-29,9.17,9.42,8.85,9.42,6369270
2066,2017-11-28,8.35,8.83,8.12,8.83,128443910
2065,2017-11-27,8.44,8.62,8.26,8.26,4936910
2064,2017-11-24,8.0,8.16,7.93,8.07,6583430
2063,2017-11-23,7.84,8.26,7.8,7.91,6213470
2062,2017-11-22,7.57,7.89,7.57,7.8,4819290
2061,2017-11-21,7.45,7.7,7.45,7.61,4356870
2060,2017-11-20,7.57,7.57,7.38,7.45,1671410
2059,2017-11-17,7.77,7.77,7.45,7.48,2052980
2058,2017-11-16,7.43,7.66,7.38,7.66,3166560
2057,2017-11-15,7.8,7.98,7.34,7.34,7966760
2056,2017-11-14,7.66,7.93,7.57,7.68,4131680
2055,2017-11-13,7.7,7.84,7.54,7.64,2386740
2054,2017-11-10,7.34,7.8,7.29,7.59,3067560
2053,2017-11-09,6.97,7.43,6.95,7.34,3001240
2052,2017-11-08,6.79,6.97,6.76,6.97,430270
2051,2017-11-07,6.79,6.88,6.72,6.88,589310
2050,2017-11-06,6.93,6.97,6.81,6.83,419550
2049,2017-11-03,6.76,6.97,6.51,6.93,1964510
2048,2017-11-02,7.2,7.2,6.72,6.72,3136080
2047,2017-11-01,7.25,7.29,7.2,7.2,328670
2046,2017-10-31,7.25,7.29,7.2,7.25,243740
2045,2017-10-30,7.38,7.38,7.22,7.25,601700
2044,2017-10-27,7.16,7.25,7.16,7.25,624830
2043,2017-10-26,7.2,7.25,7.16,7.18,463010
2042,2017-10-25,7.2,7.25,7.18,7.2,596930
2041,2017-10-24,7.13,7.22,7.13,7.2,549430
2040,2017-10-23,7.22,7.22,7.11,7.13,949850
2039,2017-10-20,7.22,7.31,7.18,7.22,644230
2038,2017-10-19,7.13,7.22,7.07,7.18,943150
2037,2017-10-18,7.29,7.34,7.13,7.13,2053000
2036,2017-10-17,7.31,7.36,7.29,7.31,1388540
2035,2017-10-16,7.27,7.38,7.22,7.27,987170
2034,2017-10-13,7.22,7.27,7.13,7.22,718010
2033,2017-10-12,7.34,7.36,7.2,7.2,793070
2032,2017-10-11,7.36,7.47,7.29,7.34,1272710
2031,2017-10-10,7.16,7.45,7.09,7.36,1939760
2030,2017-10-09,7.11,7.18,7.11,7.18,632570
2029,2017-10-06,7.13,7.18,7.07,7.11,356420
2028,2017-10-05,7.05,7.27,7.05,7.11,1988370
2027,2017-10-04,6.98,7.09,6.98,7.05,285780
2026,2017-10-03,7.05,7.05,6.96,7.05,888800
2025,2017-10-02,7.09,7.18,7.0,7.05,725520
2024,2017-09-29,7.07,7.11,7.05,7.09,641690
2023,2017-09-28,7.05,7.13,7.0,7.07,1360300
2022,2017-09-27,7.2,7.31,7.07,7.07,1319450
2021,2017-09-26,7.2,7.31,7.13,7.2,1090640
2020,2017-09-25,7.09,7.42,7.07,7.2,4261670
2019,2017-09-22,7.0,7.09,7.0,7.09,405860
2018,2017-09-21,7.13,7.13,7.0,7.05,225880
2017,2017-09-20,7.02,7.09,7.0,7.09,261180
2016,2017-09-19,7.05,7.11,7.0,7.0,350720
2015,2017-09-18,6.96,7.13,6.91,7.09,1051200
2014,2017-09-15,6.91,6.96,6.91,6.93,382070
2013,2017-09-14,6.91,7.0,6.91,6.93,440730
2012,2017-09-13,6.91,6.98,6.87,6.91,220030
2011,2017-09-12,6.89,7.0,6.76,6.91,897110
2010,2017-09-11,6.91,7.05,6.89,6.96,404070
2009,2017-09-08,6.96,7.05,6.89,7.0,312750
2008,2017-09-07,6.98,7.05,6.96,6.96,550790
2007,2017-09-06,7.05,7.05,7.0,7.05,619440
2006,2017-09-05,7.13,7.13,7.0,7.05,437660
2005,2017-09-01,6.96,7.13,6.96,7.13,914480
2004,2017-08-31,6.91,6.98,6.91,6.96,706260
2003,2017-08-30,7.05,7.09,6.96,6.96,565140
2002,2017-08-29,7.09,7.13,7.02,7.09,636110
2001,2017-08-28,6.93,7.25,6.87,7.09,1115320
2000,2017-08-25,6.89,7.02,6.82,6.93,795690
1999,2017-08-24,6.87,6.96,6.8,6.87,926120
1998,2017-08-23,6.96,7.02,6.87,6.87,706540
1997,2017-08-22,7.05,7.11,6.91,6.96,1004930
1996,2017-08-21,7.05,7.18,7.02,7.05,798700
1995,2017-08-18,7.02,7.18,7.02,7.05,665860
1994,2017-08-17,7.18,7.29,7.0,7.05,955810
1993,2017-08-16,7.13,7.25,6.98,7.13,1196400
1992,2017-08-15,7.45,7.51,7.13,7.13,1602260
1991,2017-08-14,7.0,7.42,7.0,7.42,1784290
1990,2017-08-11,6.98,7.09,6.89,7.0,499420
1989,2017-08-10,6.91,6.98,6.84,6.98,501750
1988,2017-08-09,7.13,7.22,6.87,6.91,1990020
1987,2017-08-08,7.38,7.38,7.09,7.27,674940
1986,2017-08-07,6.96,7.42,6.96,7.38,2953490
1985,2017-08-04,6.69,7.05,6.69,6.96,1652000
1984,2017-08-03,6.69,6.76,6.64,6.73,424790
1983,2017-08-02,6.69,6.78,6.55,6.73,402680
1982,2017-08-01,6.69,6.73,6.67,6.69,482350
1981,2017-07-31,6.82,6.82,6.69,6.69,676320
1980,2017-07-28,6.6,6.87,6.51,6.78,822190
1979,2017-07-27,6.73,6.78,6.62,6.69,552690
1978,2017-07-26,6.64,6.82,6.62,6.71,437520
1977,2017-07-25,6.26,6.64,6.26,6.64,564060
1976,2017-07-24,6.24,6.47,6.2,6.35,646330
1975,2017-07-21,6.69,6.71,6.33,6.42,1504430
1974,2017-07-20,6.76,6.76,6.69,6.71,583580
1973,2017-07-19,6.73,6.82,6.69,6.76,506130
1972,2017-07-18,6.73,6.84,6.73,6.78,712930
1971,2017-07-17,6.64,6.89,6.64,6.78,1099050
1970,2017-07-14,6.73,6.78,6.69,6.71,675710
1969,2017-07-13,6.69,6.84,6.67,6.73,948680
1968,2017-07-12,6.91,6.91,6.69,6.71,1480160
1967,2017-07-11,6.91,6.98,6.69,6.87,750280
1966,2017-07-10,6.82,6.91,6.6,6.91,1616450
1965,2017-07-07,7.11,7.11,6.69,6.87,1352550
1964,2017-07-06,7.02,7.18,7.02,7.11,871840
1963,2017-07-05,6.96,7.18,6.87,7.02,958830
1962,2017-07-04,6.96,7.0,6.87,6.98,965770
1961,2017-07-03,6.89,7.07,6.84,7.05,742790
1960,2017-06-30,7.0,7.11,6.84,6.96,954150
1959,2017-06-29,6.64,6.96,6.64,6.96,2896350
1958,2017-06-28,6.38,6.55,6.38,6.51,1500070
1957,2017-06-27,6.31,6.55,6.29,6.4,1078330
1956,2017-06-26,6.35,6.42,6.29,6.31,753190
1955,2017-06-23,6.26,6.51,6.2,6.35,1099470
1954,2017-06-22,6.35,6.47,6.26,6.29,1503510
1953,2017-06-21,6.51,6.51,6.29,6.35,830660
1952,2017-06-20,6.51,6.64,6.44,6.51,1399600
1951,2017-06-19,6.33,6.4,6.33,6.38,603030
1950,2017-06-16,6.31,6.38,6.26,6.33,615110
1949,2017-06-15,6.4,6.4,6.15,6.31,1835230
1948,2017-06-14,6.51,6.55,6.35,6.4,932700
1947,2017-06-13,6.38,6.58,6.38,6.51,1500650
1946,2017-06-12,6.24,6.51,6.2,6.42,1406770
1945,2017-06-09,6.47,6.69,6.2,6.33,1702090
1944,2017-06-08,6.2,6.53,6.09,6.47,2733520
1943,2017-06-07,6.06,6.18,5.98,6.13,1624940
1942,2017-06-06,6.02,6.11,5.86,5.98,1518340
1941,2017-06-05,6.04,6.04,5.84,5.93,1147360
1940,2017-06-02,5.71,6.02,5.66,5.95,3439410
1939,2017-06-01,5.62,5.75,5.57,5.66,1213430
1938,2017-05-31,5.71,5.89,5.57,5.71,1652800
1937,2017-05-30,5.71,5.93,5.57,5.73,4735300
1936,2017-05-29,5.15,5.55,5.06,5.55,2593710
1935,2017-05-26,5.24,5.31,5.17,5.19,579450
1934,2017-05-25,5.13,5.33,5.13,5.24,1154370
1933,2017-05-24,5.19,5.19,5.04,5.13,822310
1932,2017-05-23,5.08,5.13,4.97,5.08,2089760
1931,2017-05-22,5.11,5.33,5.08,5.08,1459860
1930,2017-05-19,5.22,5.26,5.08,5.15,1095600
1929,2017-05-18,5.19,5.33,5.15,5.22,1737520
1928,2017-05-17,5.22,5.44,5.15,5.33,1786200
1927,2017-05-16,5.57,5.57,5.26,5.28,2337240
1926,2017-05-15,5.24,5.6,5.24,5.53,2407350
1925,2017-05-12,5.17,5.35,5.15,5.24,1095000
1924,2017-05-11,5.04,5.26,5.04,5.15,2172790
1923,2017-05-10,5.46,5.46,5.04,5.04,2835480
1922,2017-05-09,5.26,5.44,5.08,5.37,2004060
1921,2017-05-08,5.26,5.55,5.22,5.24,2968680
1920,2017-05-05,5.04,5.24,4.99,5.22,2526850
1919,2017-05-04,4.64,4.9,4.64,4.9,3670330
1918,2017-05-03,4.55,4.66,4.48,4.59,2731200
1917,2017-04-28,4.66,4.82,4.64,4.75,1440440
1916,2017-04-27,4.7,4.9,4.66,4.66,2623380
1915,2017-04-26,4.37,4.64,4.37,4.64,2637850
1914,2017-04-25,4.53,4.53,4.35,4.35,926170
1913,2017-04-24,4.35,4.59,4.33,4.46,2535500
1912,2017-04-21,4.22,4.33,4.15,4.33,836010
1911,2017-04-20,4.02,4.29,4.02,4.22,2472230
1910,2017-04-19,4.1,4.1,4.01,4.02,565850
1909,2017-04-18,4.04,4.07,3.97,4.06,706160
1908,2017-04-17,4.18,4.19,4.06,4.06,789300
1907,2017-04-14,4.06,4.13,4.01,4.1,790280
1906,2017-04-13,4.08,4.2,4.03,4.12,1513890
1905,2017-04-12,4.09,4.13,4.01,4.06,875660
1904,2017-04-11,3.89,4.14,3.89,4.06,1231180
1903,2017-04-10,3.92,3.98,3.89,3.89,173210
1902,2017-04-07,3.87,3.92,3.86,3.92,255760
1901,2017-04-05,3.81,3.94,3.81,3.92,660570
1900,2017-04-04,4.0,4.01,3.91,3.93,321000
1899,2017-04-03,3.87,4.08,3.84,3.93,745340
1898,2017-03-31,3.93,3.95,3.87,3.87,238610
1897,2017-03-30,3.95,3.97,3.93,3.93,308740
1896,2017-03-29,4.0,4.0,3.92,3.92,234240
1895,2017-03-28,4.06,4.06,3.86,3.95,660150
1894,2017-03-27,4.07,4.08,4.01,4.01,646360
1893,2017-03-24,4.07,4.12,4.04,4.06,283630
1892,2017-03-23,4.02,4.1,3.99,4.07,601690
1891,2017-03-22,4.24,4.24,4.06,4.06,1362200
1890,2017-03-21,4.26,4.33,4.2,4.25,945050
1889,2017-03-20,4.33,4.33,4.24,4.25,1004780
1888,2017-03-17,3.99,4.25,3.99,4.22,2848320
1887,2017-03-16,3.92,3.98,3.92,3.97,546880
1886,2017-03-15,3.92,3.95,3.92,3.92,457700
1885,2017-03-14,3.92,3.99,3.83,3.92,306150
1884,2017-03-13,3.84,3.97,3.83,3.96,580760
1883,2017-03-10,3.92,3.96,3.86,3.87,1525980
1882,2017-03-09,3.97,3.98,3.9,3.92,760290
1881,2017-03-08,4.01,4.04,3.97,3.97,702390
1880,2017-03-07,3.99,4.07,3.99,4.01,2691360
1879,2017-03-06,3.89,4.04,3.88,4.01,1888160
1878,2017-03-03,3.9,3.91,3.86,3.89,700920
1877,2017-03-02,3.79,3.9,3.75,3.9,1506840
1876,2017-03-01,3.81,3.81,3.73,3.75,532280
1875,2017-02-28,3.83,3.87,3.79,3.79,1082260
1874,2017-02-27,3.74,3.85,3.68,3.79,1338310
1873,2017-02-24,3.75,3.78,3.73,3.73,572630
1872,2017-02-23,3.76,3.81,3.71,3.73,784130
1871,2017-02-22,3.68,3.86,3.66,3.78,1611110
1870,2017-02-21,3.66,3.75,3.63,3.68,1089290
1869,2017-02-20,3.49,3.7,3.49,3.64,1199190
1868,2017-02-17,3.49,3.5,3.46,3.49,227780
1867,2017-02-16,3.58,3.58,3.49,3.49,455380
1866,2017-02-15,3.55,3.61,3.5,3.53,1519760
1865,2017-02-14,3.42,3.63,3.4,3.52,1003040
1864,2017-02-13,3.4,3.4,3.37,3.39,206340
1863,2017-02-10,3.4,3.43,3.36,3.38,358120
1862,2017-02-09,3.38,3.39,3.34,3.36,452890
1861,2017-02-08,3.34,3.41,3.34,3.34,188110
1860,2017-02-07,3.48,3.48,3.34,3.37,232490
1859,2017-02-06,3.39,3.43,3.35,3.43,85270
1858,2017-02-03,3.43,3.43,3.4,3.4,147100
1857,2017-02-02,3.52,3.52,3.41,3.43,81060
1856,2017-01-25,3.51,3.51,3.4,3.45,157960
1855,2017-01-24,3.5,3.52,3.37,3.37,173420
1854,2017-01-23,3.51,3.52,3.48,3.5,24310
1853,2017-01-20,3.5,3.51,3.46,3.5,207190
1852,2017-01-19,3.43,3.51,3.43,3.51,76520
1851,2017-01-18,3.55,3.55,3.42,3.51,248880
1850,2017-01-17,3.52,3.52,3.41,3.51,159730
1849,2017-01-16,3.5,3.52,3.46,3.52,96420
1848,2017-01-13,3.51,3.52,3.48,3.52,119850
1847,2017-01-12,3.52,3.52,3.48,3.52,223070
1846,2017-01-11,3.56,3.56,3.51,3.54,126280
1845,2017-01-10,3.61,3.61,3.5,3.57,259830
1844,2017-01-09,3.49,3.57,3.49,3.57,235220
1843,2017-01-06,3.49,3.49,3.47,3.49,141470
1842,2017-01-05,3.46,3.5,3.44,3.45,183040
1841,2017-01-04,3.4,3.43,3.38,3.43,168920
1840,2017-01-03,3.4,3.43,3.4,3.41,30290
1839,2016-12-30,3.46,3.46,3.4,3.41,116000
1838,2016-12-29,3.47,3.48,3.39,3.43,140770
1837,2016-12-28,3.46,3.47,3.39,3.43,198560
1836,2016-12-27,3.43,3.45,3.41,3.43,145850
1835,2016-12-26,3.47,3.47,3.4,3.43,105970
1834,2016-12-23,3.51,3.51,3.43,3.46,114560
1833,2016-12-22,3.46,3.51,3.37,3.49,278670
1832,2016-12-21,3.48,3.53,3.43,3.51,163760
1831,2016-12-20,3.39,3.52,3.39,3.48,452420
1830,2016-12-19,3.34,3.41,3.27,3.39,133650
1829,2016-12-16,3.26,3.28,3.25,3.26,139580
1828,2016-12-15,3.15,3.27,3.15,3.24,112850
1827,2016-12-14,3.13,3.27,3.13,3.17,130690
1826,2016-12-13,3.21,3.24,3.17,3.17,380640
1825,2016-12-12,3.28,3.34,3.17,3.17,265690
1824,2016-12-09,3.29,3.45,3.29,3.39,54070
1823,2016-12-08,3.39,3.46,3.26,3.43,55230
1822,2016-12-07,3.48,3.48,3.4,3.44,16650
1821,2016-12-06,3.43,3.49,3.4,3.48,142300
1820,2016-12-05,3.51,3.51,3.43,3.48,101520
1819,2016-12-02,3.54,3.54,3.42,3.48,141070
1818,2016-12-01,3.51,3.54,3.5,3.52,387070
1817,2016-11-30,3.46,3.52,3.45,3.5,242890
1816,2016-11-29,3.5,3.5,3.43,3.45,270720
1815,2016-11-28,3.52,3.57,3.39,3.43,308980
1814,2016-11-25,3.39,3.4,3.36,3.4,384040
1813,2016-11-24,3.44,3.51,3.34,3.39,512950
1812,2016-11-23,3.66,3.66,3.5,3.5,438920
1811,2016-11-22,3.59,3.65,3.58,3.63,230670
1810,2016-11-21,3.66,3.66,3.59,3.65,439760
1809,2016-11-18,3.67,3.67,3.59,3.67,407330
1808,2016-11-17,3.66,3.7,3.61,3.67,559390
1807,2016-11-16,3.37,3.58,3.34,3.58,1556280
1806,2016-11-15,3.34,3.35,3.33,3.34,412530
1805,2016-11-14,3.34,3.34,3.3,3.32,212830
1804,2016-11-11,3.34,3.34,3.29,3.32,161200
1803,2016-11-10,3.28,3.32,3.23,3.32,536230
1802,2016-11-09,3.26,3.3,3.08,3.25,174830
1801,2016-11-08,3.21,3.3,3.2,3.3,147030
1800,2016-11-07,3.28,3.28,3.21,3.21,248250
1799,2016-11-04,3.32,3.34,3.3,3.3,39580
1798,2016-11-03,3.28,3.33,3.21,3.33,92610
1797,2016-11-02,3.36,3.36,3.32,3.34,33470
1796,2016-11-01,3.3,3.38,3.26,3.36,85720
1795,2016-10-31,3.32,3.38,3.3,3.38,204010
1794,2016-10-28,3.28,3.3,3.28,3.3,129270
1793,2016-10-27,3.21,3.3,3.21,3.28,28530
1792,2016-10-26,3.31,3.32,3.21,3.28,114540
1791,2016-10-25,3.26,3.32,3.26,3.3,126450
1790,2016-10-24,3.3,3.3,3.28,3.28,76620
1789,2016-10-21,3.26,3.31,3.26,3.3,114690
1788,2016-10-20,3.31,3.33,3.26,3.29,82240
1787,2016-10-19,3.3,3.33,3.29,3.29,151900
1786,2016-10-18,3.34,3.43,3.27,3.3,174120
1785,2016-10-17,3.34,3.34,3.27,3.3,164290
1784,2016-10-14,3.34,3.35,3.3,3.34,196630
1783,2016-10-13,3.26,3.35,3.22,3.34,130100
1782,2016-10-12,3.14,3.34,3.14,3.34,528430
1781,2016-10-11,3.14,3.17,3.14,3.16,117220
1780,2016-10-10,3.15,3.21,3.14,3.17,82340
1779,2016-10-07,3.14,3.17,3.13,3.16,148940
1778,2016-10-06,3.14,3.18,3.13,3.13,44170
1777,2016-10-05,3.14,3.18,3.13,3.18,92880
1776,2016-10-04,3.18,3.21,3.13,3.18,142750
1775,2016-10-03,3.18,3.2,3.17,3.18,38760
1774,2016-09-30,3.14,3.17,3.13,3.17,87350
1773,2016-09-29,3.13,3.14,3.12,3.13,110180
1772,2016-09-28,3.08,3.17,3.08,3.14,161660
1771,2016-09-27,3.14,3.21,3.1,3.12,171540
1770,2016-09-26,3.17,3.21,3.14,3.14,84340
1769,2016-09-23,3.17,3.2,3.17,3.2,106550
1768,2016-09-22,3.25,3.25,3.17,3.21,124080
1767,2016-09-21,3.23,3.23,3.17,3.21,167840
1766,2016-09-20,3.17,3.18,3.14,3.17,55290
1765,2016-09-19,3.27,3.27,3.11,3.12,294070
1764,2016-09-16,3.21,3.25,3.2,3.25,52570
1763,2016-09-15,3.26,3.3,3.21,3.21,131640
1762,2016-09-14,3.26,3.34,3.26,3.26,196370
1761,2016-09-13,3.39,3.39,3.17,3.26,126030
1760,2016-09-12,3.35,3.43,3.35,3.39,81770
1759,2016-09-09,3.39,3.43,3.39,3.43,71450
1758,2016-09-08,3.39,3.43,3.34,3.43,182860
1757,2016-09-07,3.39,3.39,3.34,3.39,126490
1756,2016-09-06,3.39,3.43,3.34,3.39,151020
1755,2016-09-05,3.39,3.39,3.34,3.34,239170
1754,2016-09-01,3.43,3.43,3.39,3.43,106660
1753,2016-08-31,3.34,3.43,3.34,3.43,384930
1752,2016-08-30,3.3,3.34,3.26,3.34,94810
1751,2016-08-29,3.34,3.39,3.26,3.34,219690
1750,2016-08-26,3.34,3.39,3.3,3.34,162160
1749,2016-08-25,3.34,3.34,3.3,3.34,102720
1748,2016-08-24,3.34,3.39,3.34,3.34,41080
1747,2016-08-23,3.34,3.43,3.3,3.43,122280
1746,2016-08-22,3.39,3.39,3.3,3.3,316140
1745,2016-08-19,3.39,3.43,3.34,3.39,81290
1744,2016-08-18,3.39,3.43,3.34,3.43,132560
1743,2016-08-17,3.43,3.48,3.43,3.43,145260
1742,2016-08-16,3.34,3.43,3.34,3.43,375600
1741,2016-08-15,3.39,3.39,3.3,3.39,122040
1740,2016-08-12,3.43,3.48,3.34,3.39,178000
1739,2016-08-11,3.26,3.43,3.26,3.43,252060
1738,2016-08-10,3.17,3.39,3.17,3.26,572450
1737,2016-08-09,3.17,3.26,3.12,3.21,348470
1736,2016-08-08,3.21,3.34,3.21,3.21,495720
1735,2016-08-05,3.52,3.57,3.39,3.39,676030
1734,2016-08-04,3.48,3.61,3.48,3.61,257080
1733,2016-08-03,3.52,3.57,3.48,3.52,329350
1732,2016-08-02,3.66,3.66,3.52,3.57,1198630
1731,2016-08-01,3.88,3.88,3.75,3.75,364110
1730,2016-07-29,3.88,3.92,3.83,3.88,124720
1729,2016-07-28,3.88,3.88,3.83,3.88,121680
1728,2016-07-27,4.01,4.01,3.88,3.88,78650
1727,2016-07-26,4.01,4.01,3.92,4.01,246920
1726,2016-07-25,3.92,4.01,3.88,4.01,665720
1725,2016-07-22,3.83,3.92,3.79,3.92,650140
1724,2016-07-21,3.97,3.97,3.83,3.83,195880
1723,2016-07-20,4.01,4.01,3.83,3.92,254770
1722,2016-07-19,4.01,4.01,3.88,4.01,491700
1721,2016-07-18,3.97,4.01,3.92,4.01,109650
1720,2016-07-15,4.01,4.01,3.92,3.97,374550
1719,2016-07-14,4.1,4.15,4.01,4.01,421400
1718,2016-07-13,4.1,4.15,4.01,4.15,1125540
1717,2016-07-12,4.01,4.1,3.88,4.1,968850
1716,2016-07-11,4.15,4.19,3.92,3.97,604450
1715,2016-07-08,4.01,4.19,4.01,4.15,1772870
1714,2016-07-07,3.92,4.01,3.92,3.97,976650
1713,2016-07-06,3.83,3.97,3.79,3.97,330890
1712,2016-07-05,3.75,3.92,3.7,3.88,1380050
1711,2016-07-04,3.75,3.75,3.61,3.7,1512820
1710,2016-07-01,3.7,3.75,3.66,3.75,147420
1709,2016-06-30,3.83,3.83,3.7,3.7,345080
1708,2016-06-29,3.75,3.83,3.75,3.79,272420
1707,2016-06-28,3.66,3.75,3.66,3.75,325770
1706,2016-06-27,3.75,3.75,3.61,3.7,408360
1705,2016-06-24,3.88,3.88,3.61,3.75,772180
1704,2016-06-23,3.88,3.97,3.88,3.88,333180
1703,2016-06-22,3.92,3.92,3.88,3.92,422270
1702,2016-06-21,3.97,3.97,3.92,3.92,146060
1701,2016-06-20,3.92,4.01,3.92,3.97,177070
1700,2016-06-17,3.97,4.01,3.88,3.97,601680
1699,2016-06-16,4.01,4.06,3.97,3.97,852320
1698,2016-06-15,3.97,4.06,3.97,4.01,454490
1697,2016-06-14,3.97,4.06,3.97,3.97,203560
1696,2016-06-13,4.01,4.01,3.97,3.97,327670
1695,2016-06-10,4.1,4.1,4.01,4.01,244390
1694,2016-06-09,3.92,4.24,3.88,4.1,1037540
1693,2016-06-08,3.97,4.01,3.92,3.97,412880
1692,2016-06-07,4.06,4.06,3.88,3.97,761700
1691,2016-06-06,3.8,3.88,3.8,3.84,515370
1690,2016-06-03,3.92,3.96,3.8,3.8,338710
1689,2016-06-02,3.84,3.92,3.84,3.92,1024510
1688,2016-06-01,3.92,3.92,3.84,3.88,330350
1687,2016-05-31,3.88,3.96,3.88,3.92,871310
1686,2016-05-30,3.8,3.88,3.76,3.88,725850
1685,2016-05-27,3.67,3.76,3.67,3.72,523800
1684,2016-05-26,3.72,3.72,3.63,3.72,859670
1683,2016-05-25,3.72,3.76,3.67,3.72,590620
1682,2016-05-24,3.8,3.88,3.76,3.76,525410
1681,2016-05-23,3.88,3.88,3.8,3.84,258740
1680,2016-05-20,3.88,3.92,3.8,3.88,358470
1679,2016-05-19,3.76,3.96,3.76,3.88,1067780
1678,2016-05-18,3.84,3.88,3.76,3.8,388590
1677,2016-05-17,3.72,3.92,3.63,3.84,1262390
1676,2016-05-16,3.63,3.72,3.63,3.67,328940
1675,2016-05-13,3.72,3.72,3.67,3.67,375180
1674,2016-05-12,3.76,3.76,3.72,3.72,406960
1673,2016-05-11,3.67,3.76,3.67,3.72,692140
1672,2016-05-10,3.72,3.76,3.67,3.72,744240
1671,2016-05-09,3.72,3.76,3.67,3.72,680210
1670,2016-05-06,3.72,3.76,3.63,3.72,1067830
1669,2016-05-05,3.67,3.84,3.67,3.72,1038990
1668,2016-05-04,3.55,3.67,3.55,3.67,992870
1667,2016-04-29,3.55,3.67,3.55,3.55,638640
1666,2016-04-28,3.55,3.63,3.51,3.55,746480
1665,2016-04-27,3.67,3.72,3.55,3.55,1570480
1664,2016-04-26,3.63,3.72,3.59,3.67,1204680
1663,2016-04-25,3.63,3.67,3.55,3.63,2336410
1662,2016-04-22,3.34,3.51,3.3,3.51,2761460
1661,2016-04-21,3.22,3.34,3.18,3.3,864080
1660,2016-04-20,3.22,3.22,3.18,3.22,238300
1659,2016-04-19,3.3,3.3,3.22,3.22,650070
1658,2016-04-15,3.3,3.39,3.26,3.26,1523240
1657,2016-04-14,3.22,3.34,3.22,3.26,780410
1656,2016-04-13,3.22,3.3,3.18,3.22,682560
1655,2016-04-12,3.3,3.3,3.18,3.18,486670
1654,2016-04-11,3.14,3.34,3.14,3.26,764300
1653,2016-04-08,3.1,3.14,3.06,3.14,421530
1652,2016-04-07,3.1,3.14,3.06,3.1,356070
1651,2016-04-06,3.1,3.1,3.01,3.06,168900
1650,2016-04-05,3.1,3.14,3.06,3.06,176770
1649,2016-04-04,2.93,3.1,2.93,3.1,815920
1648,2016-04-01,2.97,3.01,2.89,2.93,339420
1647,2016-03-31,3.06,3.1,2.97,2.97,426620
1646,2016-03-30,3.06,3.1,2.97,3.06,455200
1645,2016-03-29,3.14,3.14,3.01,3.06,490940
1644,2016-03-28,3.14,3.18,3.1,3.14,314600
1643,2016-03-25,3.14,3.18,3.1,3.14,188800
1642,2016-03-24,3.18,3.22,3.14,3.18,539750
1641,2016-03-23,3.18,3.18,3.1,3.14,701570
1640,2016-03-22,3.18,3.18,3.1,3.14,491430
1639,2016-03-21,3.26,3.26,3.18,3.18,238680
1638,2016-03-18,3.26,3.26,3.18,3.22,338070
1637,2016-03-17,3.26,3.3,3.22,3.22,433670
1636,2016-03-16,3.22,3.3,3.22,3.22,237030
1635,2016-03-15,3.26,3.3,3.22,3.22,312960
1634,2016-03-14,3.3,3.34,3.22,3.26,369310
1633,2016-03-11,3.3,3.34,3.26,3.3,256210
1632,2016-03-10,3.3,3.34,3.26,3.34,207280
1631,2016-03-09,3.18,3.39,3.18,3.3,1031090
1630,2016-03-08,3.22,3.22,3.18,3.18,115760
1629,2016-03-07,3.14,3.22,3.14,3.18,376360
1628,2016-03-04,3.14,3.22,3.14,3.14,194770
1627,2016-03-03,3.26,3.26,3.14,3.14,167380
1626,2016-03-02,3.26,3.3,3.22,3.22,281400
1625,2016-03-01,3.18,3.26,3.18,3.22,195900
1624,2016-02-29,3.26,3.3,3.18,3.22,207500
1623,2016-02-26,3.26,3.3,3.26,3.26,215150
1622,2016-02-25,3.34,3.39,3.26,3.26,299840
1621,2016-02-24,3.3,3.39,3.3,3.34,259800
1620,2016-02-23,3.43,3.47,3.34,3.34,545540
1619,2016-02-22,3.34,3.43,3.34,3.43,680200
1618,2016-02-19,3.39,3.43,3.34,3.34,667480
1617,2016-02-18,3.43,3.43,3.39,3.39,252280
1616,2016-02-17,3.43,3.51,3.39,3.39,559450
1615,2016-02-16,3.47,3.55,3.43,3.43,1440430
1614,2016-02-15,3.39,3.43,3.34,3.39,170630
1613,2016-02-05,3.39,3.47,3.34,3.39,222140
1612,2016-02-04,3.43,3.47,3.39,3.43,131360
1611,2016-02-03,3.39,3.43,3.34,3.39,172780
1610,2016-02-02,3.39,3.47,3.39,3.43,221890
1609,2016-02-01,3.39,3.55,3.39,3.43,340940
1608,2016-01-29,3.34,3.39,3.3,3.34,276880
1607,2016-01-28,3.39,3.43,3.3,3.34,306060
1606,2016-01-27,3.34,3.47,3.34,3.43,321850
1605,2016-01-26,3.3,3.39,3.22,3.34,394280
1604,2016-01-25,3.26,3.39,3.26,3.39,482750
1603,2016-01-22,2.97,3.18,2.97,3.18,1051880
1602,2016-01-21,3.1,3.14,2.97,2.97,351350
1601,2016-01-20,3.22,3.22,3.1,3.14,223530
1600,2016-01-19,3.22,3.26,3.14,3.22,576630
1599,2016-01-18,3.18,3.22,3.1,3.14,782670
1598,2016-01-15,3.47,3.47,3.3,3.3,421960
1597,2016-01-14,3.55,3.55,3.39,3.47,322110
1596,2016-01-13,3.63,3.67,3.55,3.59,259160
1595,2016-01-12,3.47,3.63,3.47,3.63,359480
1594,2016-01-11,3.55,3.59,3.47,3.47,276240
1593,2016-01-08,3.59,3.67,3.55,3.55,546490
1592,2016-01-07,3.76,3.76,3.59,3.67,450650
1591,2016-01-06,3.84,3.84,3.76,3.8,207470
1590,2016-01-05,3.84,3.84,3.76,3.84,199480
1589,2016-01-04,3.8,3.92,3.76,3.84,565140
1588,2015-12-31,3.76,3.76,3.72,3.76,207980
1587,2015-12-30,3.76,3.8,3.72,3.76,121390
1586,2015-12-29,3.63,3.76,3.63,3.76,259560
1585,2015-12-28,3.72,3.72,3.63,3.63,255050
1584,2015-12-25,3.84,3.84,3.67,3.67,413480
1583,2015-12-24,3.84,3.88,3.8,3.84,115950
1582,2015-12-23,3.88,3.88,3.76,3.84,261380
1581,2015-12-22,3.84,3.92,3.84,3.84,88820
1580,2015-12-21,3.88,3.92,3.84,3.84,272880
1579,2015-12-18,4.0,4.0,3.92,3.92,235510
1578,2015-12-17,3.96,4.0,3.92,3.92,121230
1577,2015-12-16,3.88,3.96,3.88,3.88,281740
1576,2015-12-15,3.92,3.92,3.8,3.84,250200
1575,2015-12-14,3.92,3.92,3.84,3.88,191400
1574,2015-12-11,3.92,3.96,3.88,3.88,253720
1573,2015-12-10,4.0,4.0,3.88,3.88,406270
1572,2015-12-09,4.13,4.13,4.0,4.0,102660
1571,2015-12-08,4.05,4.13,4.0,4.13,335360
1570,2015-12-07,4.09,4.17,4.09,4.09,210880
1569,2015-12-04,4.17,4.17,4.09,4.13,233670
1568,2015-12-03,4.13,4.21,4.13,4.17,130160
1567,2015-12-02,4.13,4.21,4.13,4.13,171580
1566,2015-12-01,4.13,4.21,4.09,4.09,464040
1565,2015-11-30,4.25,4.25,4.13,4.17,418830
1564,2015-11-27,4.25,4.29,4.21,4.25,724040
1563,2015-11-26,4.29,4.42,4.25,4.25,469900
1562,2015-11-25,4.25,4.34,4.21,4.29,223760
1561,2015-11-24,4.34,4.38,4.21,4.29,374170
1560,2015-11-23,4.34,4.42,4.34,4.34,559230
1559,2015-11-20,4.13,4.29,4.13,4.29,643740
1558,2015-11-19,4.21,4.25,4.13,4.13,320520
1557,2015-11-18,4.29,4.29,4.17,4.21,304740
1556,2015-11-17,4.25,4.29,4.17,4.25,399150
1555,2015-11-16,4.38,4.38,4.17,4.21,429760
1554,2015-11-13,4.25,4.42,4.21,4.34,536860
1553,2015-11-12,4.25,4.29,4.17,4.21,410660
1552,2015-11-11,4.38,4.42,4.29,4.29,367150
1551,2015-11-10,4.54,4.54,4.38,4.38,506120
1550,2015-11-09,4.47,4.47,4.4,4.43,397910
1549,2015-11-06,4.47,4.55,4.43,4.43,607610
1548,2015-11-05,4.51,4.55,4.47,4.47,441480
1547,2015-11-04,4.63,4.66,4.47,4.51,810840
1546,2015-11-03,4.55,4.59,4.47,4.55,592400
1545,2015-11-02,4.63,4.66,4.51,4.55,405250
1544,2015-10-30,4.59,4.63,4.55,4.59,538730
1543,2015-10-29,4.63,4.63,4.51,4.55,562060
1542,2015-10-28,4.63,4.63,4.55,4.55,802930
1541,2015-10-27,4.59,4.66,4.55,4.59,619630
1540,2015-10-26,4.63,4.7,4.59,4.59,530820
1539,2015-10-23,4.66,4.74,4.63,4.63,568050
1538,2015-10-22,4.59,4.66,4.59,4.63,510870
1537,2015-10-21,4.66,4.66,4.55,4.66,1431030
1536,2015-10-20,4.7,4.74,4.66,4.66,930640
1535,2015-10-19,4.82,4.82,4.7,4.78,423070
1534,2015-10-16,4.82,4.85,4.74,4.78,1768670
1533,2015-10-15,4.7,4.78,4.66,4.7,1781870
1532,2015-10-14,4.7,4.78,4.66,4.7,792120
1531,2015-10-13,4.74,4.82,4.7,4.74,695700
1530,2015-10-12,4.82,4.89,4.78,4.82,784600
1529,2015-10-09,4.89,4.93,4.78,4.85,737300
1528,2015-10-08,4.74,4.97,4.74,4.89,2404960
1527,2015-10-07,4.78,4.82,4.7,4.74,727300
1526,2015-10-06,4.7,4.78,4.66,4.74,1065230
1525,2015-10-05,4.66,4.74,4.59,4.63,411850
1524,2015-10-02,4.66,4.7,4.63,4.63,394060
1523,2015-10-01,4.63,4.66,4.59,4.66,540250
1522,2015-09-30,4.51,4.7,4.51,4.63,1148470
1521,2015-09-29,4.43,4.55,4.4,4.47,839610
1520,2015-09-28,4.63,4.7,4.51,4.51,649640
1519,2015-09-25,4.7,4.74,4.59,4.63,628890
1518,2015-09-24,4.74,4.82,4.7,4.74,999900
1517,2015-09-23,4.59,4.78,4.55,4.7,2028050
1516,2015-09-22,4.63,4.66,4.55,4.63,991860
1515,2015-09-21,4.51,4.66,4.51,4.66,1055940
1514,2015-09-18,4.4,4.51,4.32,4.51,2475510
1513,2015-09-17,4.32,4.32,4.24,4.24,314790
1512,2015-09-16,4.28,4.32,4.24,4.24,249690
1511,2015-09-15,4.17,4.32,4.17,4.24,670720
1510,2015-09-14,4.28,4.32,4.17,4.17,373900
1509,2015-09-11,4.28,4.43,4.24,4.28,839250
1508,2015-09-10,4.28,4.32,4.2,4.28,304480
1507,2015-09-09,4.28,4.36,4.24,4.32,862750
1506,2015-09-08,4.09,4.24,4.09,4.24,547040
1505,2015-09-07,4.24,4.32,4.13,4.13,551800
1504,2015-09-04,4.36,4.43,4.28,4.28,259190
1503,2015-09-03,4.36,4.51,4.28,4.4,1313590
1502,2015-09-01,3.98,4.28,3.98,4.28,1334930
1501,2015-08-31,4.05,4.09,3.98,4.01,428030
1500,2015-08-28,4.01,4.05,3.94,4.05,513970
1499,2015-08-27,3.98,4.05,3.94,3.98,795020
1498,2015-08-26,3.67,3.98,3.67,3.94,803320
1497,2015-08-25,3.59,3.78,3.56,3.75,893550
1496,2015-08-24,4.01,4.01,3.82,3.82,1156880
1495,2015-08-21,4.24,4.28,4.05,4.09,1351560
1494,2015-08-20,4.4,4.4,4.28,4.32,446520
1493,2015-08-19,4.36,4.43,4.32,4.4,690560
1492,2015-08-18,4.32,4.4,4.24,4.32,597840
1491,2015-08-17,4.47,4.47,4.28,4.28,410530
1490,2015-08-14,4.4,4.47,4.32,4.43,515860
1489,2015-08-13,4.51,4.55,4.4,4.43,636070
1488,2015-08-12,4.51,4.55,4.47,4.47,613250
1487,2015-08-11,4.59,4.63,4.51,4.51,389570
1486,2015-08-10,4.55,4.59,4.55,4.59,245890
1485,2015-08-07,4.59,4.59,4.55,4.59,172590
1484,2015-08-06,4.66,4.66,4.55,4.59,446400
1483,2015-08-05,4.47,4.66,4.47,4.66,539350
1482,2015-08-04,4.47,4.55,4.43,4.47,525990
1481,2015-08-03,4.55,4.55,4.43,4.47,640660
1480,2015-07-31,4.66,4.7,4.59,4.59,447160
1479,2015-07-30,4.7,4.7,4.63,4.66,359880
1478,2015-07-29,4.74,4.74,4.66,4.66,555830
1477,2015-07-28,4.63,4.78,4.63,4.7,991410
1476,2015-07-27,4.66,4.7,4.59,4.59,1279480
1475,2015-07-24,4.63,4.7,4.63,4.66,652870
1474,2015-07-23,4.78,4.82,4.63,4.66,650280
1473,2015-07-22,4.59,4.78,4.59,4.78,777320
1472,2015-07-21,4.7,4.74,4.59,4.63,456310
1471,2015-07-20,4.7,4.7,4.59,4.7,742810
1470,2015-07-17,4.74,4.82,4.74,4.74,807790
1469,2015-07-16,4.74,4.85,4.74,4.74,901940
1468,2015-07-15,5.01,5.01,4.82,4.82,1154290
1467,2015-07-14,4.89,5.08,4.89,4.97,1994050
1466,2015-07-13,4.78,4.93,4.74,4.89,2067280
1465,2015-07-10,4.74,4.82,4.7,4.74,1569300
1464,2015-07-09,4.63,4.74,4.59,4.74,1314540
1463,2015-07-08,4.74,4.78,4.63,4.66,953660
1462,2015-07-07,4.78,4.85,4.7,4.74,1279680
1461,2015-07-06,4.66,4.82,4.59,4.78,1914770
1460,2015-07-03,4.7,4.7,4.59,4.63,885160
1459,2015-07-02,4.55,4.66,4.55,4.63,412170
1458,2015-07-01,4.55,4.63,4.47,4.55,920720
1457,2015-06-30,4.63,4.74,4.59,4.59,1624500
1456,2015-06-29,4.63,4.7,4.59,4.7,578870
1455,2015-06-26,4.66,4.74,4.63,4.63,805260
1454,2015-06-25,4.59,4.82,4.51,4.7,3581870
1453,2015-06-24,4.66,4.66,4.55,4.59,538870
1452,2015-06-23,4.59,4.74,4.59,4.66,490480
1451,2015-06-22,4.59,4.7,4.55,4.63,367350
1450,2015-06-19,4.55,4.74,4.55,4.59,1193800
1449,2015-06-18,4.47,4.55,4.47,4.51,413130
1448,2015-06-17,4.55,4.59,4.47,4.51,762500
1447,2015-06-16,4.63,4.74,4.59,4.59,958380
1446,2015-06-15,4.66,4.85,4.59,4.66,889040
1445,2015-06-12,4.74,4.74,4.63,4.66,3182490
1444,2015-06-11,4.24,4.43,4.24,4.43,1079770
1443,2015-06-10,4.2,4.24,4.17,4.17,537680
1442,2015-06-09,4.24,4.32,4.2,4.2,389770
1441,2015-06-08,4.32,4.36,4.28,4.32,475760
1440,2015-06-05,4.28,4.32,4.24,4.24,485070
1439,2015-06-04,4.2,4.28,4.2,4.2,338080
1438,2015-06-03,4.17,4.24,4.17,4.2,265910
1437,2015-06-02,4.32,4.32,4.13,4.17,782430
1436,2015-06-01,4.4,4.4,4.28,4.32,608080
1435,2015-05-29,4.32,4.43,4.32,4.4,1190570
1434,2015-05-28,4.28,4.43,4.28,4.32,490750
1433,2015-05-27,4.32,4.4,4.28,4.28,312210
1432,2015-05-26,4.4,4.47,4.32,4.32,654640
1431,2015-05-25,4.36,4.4,4.28,4.36,291480
1430,2015-05-22,4.24,4.36,4.2,4.36,457070
1429,2015-05-21,4.28,4.28,4.17,4.2,315480
1428,2015-05-20,4.01,4.28,3.98,4.17,467990
1427,2015-05-19,3.98,4.09,3.98,4.01,294870
1426,2015-05-18,4.24,4.28,4.05,4.05,760630
1425,2015-05-15,4.43,4.43,4.32,4.32,222170
1424,2015-05-14,4.43,4.43,4.36,4.43,210100
1423,2015-05-13,4.4,4.43,4.32,4.43,218240
1422,2015-05-12,4.36,4.47,4.36,4.43,119240
1421,2015-05-11,4.47,4.47,4.4,4.47,177860
1420,2015-05-08,4.47,4.47,4.43,4.43,221220
1419,2015-05-07,4.36,4.47,4.36,4.4,255220
1418,2015-05-06,4.51,4.55,4.4,4.4,483510
1417,2015-05-05,4.4,4.59,4.32,4.51,492780
1416,2015-05-04,4.7,4.74,4.36,4.4,910750
1415,2015-04-27,4.7,4.74,4.63,4.66,237120
1414,2015-04-24,4.59,4.7,4.59,4.7,438430
1413,2015-04-23,4.66,4.7,4.59,4.59,297670
1412,2015-04-22,4.59,4.7,4.59,4.66,452610
1411,2015-04-21,4.7,4.74,4.63,4.63,502270
1410,2015-04-20,4.78,4.78,4.66,4.7,547970
1409,2015-04-17,4.78,4.78,4.7,4.78,907360
1408,2015-04-16,4.78,4.85,4.7,4.78,450390
1407,2015-04-15,4.59,4.82,4.59,4.78,564200
1406,2015-04-14,4.78,4.82,4.7,4.7,626770
1405,2015-04-13,4.85,4.93,4.74,4.74,1148410
1404,2015-04-10,4.85,4.97,4.82,4.82,739790
1403,2015-04-09,4.78,4.97,4.7,4.85,1085050
1402,2015-04-08,4.66,4.78,4.63,4.74,870970
1401,2015-04-07,4.51,4.63,4.47,4.59,486630
1400,2015-04-06,4.55,4.63,4.51,4.51,246830
1399,2015-04-03,4.66,4.66,4.55,4.59,458520
1398,2015-04-02,4.47,4.66,4.4,4.66,1046780
1397,2015-04-01,4.51,4.51,4.4,4.43,765710
1396,2015-03-31,4.4,4.59,4.4,4.59,611710
1395,2015-03-30,4.55,4.55,4.36,4.4,454460
1394,2015-03-27,4.66,4.66,4.55,4.55,201460
1393,2015-03-26,4.59,4.63,4.55,4.59,395960
1392,2015-03-25,4.66,4.66,4.59,4.59,607790
1391,2015-03-24,4.66,4.66,4.55,4.66,581310
1390,2015-03-23,4.85,4.85,4.66,4.66,426660
1389,2015-03-20,4.78,4.85,4.78,4.82,253220
1388,2015-03-19,4.93,4.93,4.78,4.78,478560
1387,2015-03-18,4.97,4.97,4.85,4.89,192690
1386,2015-03-17,4.89,4.93,4.82,4.89,778090
1385,2015-03-16,5.01,5.01,4.85,4.85,734720
1384,2015-03-13,5.08,5.08,5.01,5.01,307530
1383,2015-03-12,5.05,5.08,4.97,5.08,467040
1382,2015-03-11,5.05,5.08,5.01,5.05,240760
1381,2015-03-10,5.01,5.08,5.01,5.05,492440
1380,2015-03-09,5.12,5.12,5.01,5.01,365400
1379,2015-03-06,5.16,5.16,5.08,5.08,406200
1378,2015-03-05,5.24,5.28,5.12,5.12,682090
1377,2015-03-04,5.08,5.24,5.08,5.24,950570
1376,2015-03-03,5.01,5.12,4.97,5.05,484950
1375,2015-03-02,5.05,5.05,4.93,4.97,183070
1374,2015-02-27,5.05,5.08,5.01,5.05,150090
1373,2015-02-26,5.01,5.05,4.93,5.05,331080
1372,2015-02-25,5.08,5.16,4.97,5.01,294470
1371,2015-02-24,5.2,5.2,5.05,5.08,161460
1370,2015-02-13,5.01,5.2,5.01,5.16,452500
1369,2015-02-12,4.93,5.01,4.89,5.01,649580
1368,2015-02-11,4.78,4.89,4.78,4.89,252880
1367,2015-02-10,4.74,4.85,4.74,4.78,214940
1366,2015-02-09,4.82,4.85,4.74,4.82,235040
1365,2015-02-06,4.78,4.85,4.78,4.78,308120
1364,2015-02-05,4.74,4.85,4.74,4.78,209880
1363,2015-02-04,4.74,4.82,4.7,4.78,248370
1362,2015-02-03,4.89,4.89,4.82,4.82,342440
1361,2015-02-02,4.93,4.97,4.82,4.89,333520
1360,2015-01-30,5.12,5.12,4.85,4.93,384840
1359,2015-01-29,5.05,5.12,5.01,5.12,449150
1358,2015-01-28,5.01,5.08,4.97,5.05,426220
1357,2015-01-27,5.12,5.2,5.01,5.01,476060
1356,2015-01-26,5.16,5.24,5.08,5.16,826550
1355,2015-01-23,5.08,5.12,4.97,5.08,613070
1354,2015-01-22,5.01,5.08,4.97,5.01,584180
1353,2015-01-21,5.16,5.16,5.01,5.01,336420
1352,2015-01-20,5.08,5.16,5.05,5.16,277800
1351,2015-01-19,5.2,5.24,5.08,5.16,298150
1350,2015-01-16,5.05,5.24,5.01,5.16,1016750
1349,2015-01-15,5.01,5.08,5.01,5.05,256420
1348,2015-01-14,4.97,5.05,4.89,5.05,525550
1347,2015-01-13,4.93,5.01,4.89,5.01,301080
1346,2015-01-12,5.01,5.05,4.89,4.89,280800
1345,2015-01-09,4.97,5.08,4.93,5.01,470930
1344,2015-01-08,4.97,4.97,4.89,4.97,180320
1343,2015-01-07,5.01,5.12,4.97,4.97,454950
1342,2015-01-06,4.85,5.08,4.82,5.01,510980
1341,2015-01-05,5.01,5.05,4.89,4.97,269030
1340,2014-12-31,4.74,5.01,4.74,5.01,777520
1339,2014-12-30,4.51,4.7,4.32,4.7,430270
1338,2014-12-29,4.7,4.78,4.4,4.47,785390
1337,2014-12-26,4.85,4.85,4.66,4.7,423410
1336,2014-12-25,4.93,5.01,4.82,4.85,351700
1335,2014-12-24,4.97,5.12,4.97,4.97,217750
1334,2014-12-23,5.05,5.16,5.01,5.01,217340
1333,2014-12-22,4.97,5.08,4.93,5.05,178460
1332,2014-12-19,5.08,5.08,4.97,4.97,281270
1331,2014-12-18,5.05,5.16,5.05,5.08,549490
1330,2014-12-17,5.24,5.28,4.85,4.93,1179710
1329,2014-12-16,5.35,5.35,5.2,5.2,767230
1328,2014-12-15,5.43,5.47,5.35,5.35,157710
1327,2014-12-12,5.43,5.47,5.39,5.47,172380
1326,2014-12-11,5.43,5.54,5.43,5.43,347770
1325,2014-12-10,5.24,5.47,5.16,5.47,579890
1324,2014-12-09,5.43,5.47,5.12,5.16,904470
1323,2014-12-08,5.58,5.62,5.47,5.47,601320
1322,2014-12-05,5.5,5.66,5.5,5.58,412160
1321,2014-12-04,5.62,5.62,5.5,5.54,487120
1320,2014-12-03,5.62,5.66,5.54,5.62,413010
1319,2014-12-02,5.54,5.62,5.47,5.62,520320
1318,2014-12-01,5.66,5.7,5.47,5.47,565360
1317,2014-11-28,5.62,5.81,5.62,5.62,1143590
1316,2014-11-27,5.54,5.66,5.43,5.62,1072950
1315,2014-11-26,5.39,5.62,5.39,5.54,2680340
1314,2014-11-25,5.28,5.35,5.2,5.31,666750
1313,2014-11-24,5.2,5.28,5.12,5.2,858400
1312,2014-11-21,5.39,5.39,5.24,5.24,630970
1311,2014-11-20,5.28,5.43,5.28,5.39,809550
1310,2014-11-19,5.31,5.35,5.2,5.28,764130
1309,2014-11-18,5.43,5.47,5.31,5.31,963090
1308,2014-11-17,5.5,5.54,5.43,5.43,850780
1307,2014-11-14,5.58,5.58,5.39,5.47,759910
1306,2014-11-13,5.73,5.73,5.58,5.58,842510
1305,2014-11-12,5.58,5.73,5.58,5.73,1205310
1304,2014-11-11,5.5,5.66,5.5,5.58,1551110
1303,2014-11-10,5.47,5.62,5.43,5.5,1423490
1302,2014-11-07,5.39,5.43,5.31,5.43,670990
1301,2014-11-06,5.39,5.47,5.31,5.39,775630
1300,2014-11-05,5.39,5.43,5.16,5.35,1343000
1299,2014-11-04,5.43,5.54,5.39,5.39,694970
1298,2014-11-03,5.5,5.62,5.47,5.47,1026710
1297,2014-10-31,5.31,5.5,5.28,5.5,1298780
1296,2014-10-30,5.31,5.39,5.28,5.28,682910
1295,2014-10-29,5.31,5.39,5.28,5.35,435950
1294,2014-10-28,5.12,5.28,5.08,5.24,449630
1293,2014-10-27,5.16,5.35,5.08,5.08,755180
1292,2014-10-24,5.2,5.28,5.12,5.2,617020
1291,2014-10-23,5.35,5.47,5.16,5.16,972010
1290,2014-10-22,5.35,5.47,5.35,5.43,832700
1289,2014-10-21,5.31,5.5,5.28,5.35,599080
1288,2014-10-20,5.35,5.39,5.28,5.28,625250
1287,2014-10-17,5.12,5.35,5.05,5.35,1410500
1286,2014-10-16,5.47,5.47,5.12,5.12,1661090
1285,2014-10-15,5.43,5.5,5.35,5.43,1579380
1284,2014-10-14,5.7,5.77,5.43,5.43,1236210
1283,2014-10-13,5.62,5.73,5.54,5.73,564450
1282,2014-10-10,5.5,5.7,5.47,5.58,1998780
1281,2014-10-09,5.73,5.81,5.54,5.54,2140090
1280,2014-10-08,5.93,5.96,5.66,5.73,2529630
1279,2014-10-07,6.08,6.12,5.96,5.96,2003380
1278,2014-10-06,6.12,6.19,5.96,6.0,1431490
1277,2014-10-03,5.85,6.23,5.81,6.04,1959960
1276,2014-10-02,5.89,6.0,5.85,5.89,1705890
1275,2014-10-01,5.81,6.0,5.73,5.93,1566380
1274,2014-09-30,5.5,5.81,5.47,5.73,1894450
1273,2014-09-29,5.62,5.73,5.47,5.54,1137090
1272,2014-09-26,5.54,5.89,5.54,5.58,1436420
1271,2014-09-25,5.39,5.54,5.28,5.54,1286660
1270,2014-09-24,5.2,5.47,5.12,5.35,3379880
1269,2014-09-23,5.05,5.35,5.05,5.2,1001110
1268,2014-09-22,5.08,5.12,5.01,5.01,584530
1267,2014-09-19,5.08,5.2,4.97,4.97,4906100
1266,2014-09-18,5.2,5.31,5.05,5.08,1326210
1265,2014-09-17,5.05,5.2,5.05,5.12,1114020
1264,2014-09-16,5.08,5.12,4.97,4.97,371420
1263,2014-09-15,5.05,5.31,5.05,5.08,196940
1262,2014-09-12,5.05,5.08,4.97,5.05,119350
1261,2014-09-11,5.08,5.12,4.97,5.05,65800
1260,2014-09-10,4.97,5.05,4.93,5.05,90340
1259,2014-09-09,5.2,5.24,4.97,4.97,276890
1258,2014-09-08,5.05,5.28,5.05,5.2,671890
1257,2014-09-05,5.12,5.16,5.08,5.12,172390
1256,2014-09-04,5.2,5.2,5.12,5.12,203290
1255,2014-09-03,5.2,5.35,5.12,5.2,688790
1254,2014-08-29,5.01,5.2,4.97,5.12,374780
1253,2014-08-28,4.93,5.01,4.93,5.01,167160
1252,2014-08-27,5.01,5.05,4.93,4.97,229720
1251,2014-08-26,5.12,5.12,4.97,5.05,212070
1250,2014-08-25,5.16,5.28,5.08,5.12,308200
1249,2014-08-22,5.05,5.24,5.01,5.12,308080
1248,2014-08-21,5.05,5.05,4.97,5.01,102860
1247,2014-08-20,4.97,5.08,4.97,5.01,222550
1246,2014-08-19,4.92,4.95,4.86,4.86,292530
1245,2014-08-18,4.89,4.95,4.89,4.92,337510
1244,2014-08-15,4.98,4.98,4.89,4.89,271170
1243,2014-08-14,5.08,5.11,5.02,5.02,264090
1242,2014-08-13,5.02,5.05,4.98,5.05,112140
1241,2014-08-12,4.98,5.05,4.95,4.98,385770
1240,2014-08-11,5.11,5.11,4.92,4.95,419250
1239,2014-08-08,5.14,5.2,5.05,5.11,250740
1238,2014-08-07,5.02,5.05,4.89,5.05,545380
1237,2014-08-06,4.77,4.98,4.74,4.92,487300
1236,2014-08-05,4.71,4.8,4.71,4.74,90220
1235,2014-08-04,4.65,4.74,4.65,4.71,140860
1234,2014-08-01,4.53,4.74,4.53,4.65,34450
1233,2014-07-31,4.68,4.77,4.59,4.68,126950
1232,2014-07-30,4.71,4.71,4.56,4.56,27940
1231,2014-07-29,4.71,4.71,4.53,4.53,40290
1230,2014-07-28,4.74,4.77,4.56,4.59,45070
1229,2014-07-25,4.83,4.92,4.77,4.77,84750
1228,2014-07-24,4.86,4.92,4.86,4.86,125380
1227,2014-07-23,4.92,5.02,4.86,4.89,107240
1226,2014-07-22,4.95,5.02,4.92,5.02,47530
1225,2014-07-21,5.14,5.14,4.98,4.98,98290
1224,2014-07-18,4.98,5.11,4.92,5.08,571730
1223,2014-07-17,4.95,4.98,4.92,4.98,80570
1222,2014-07-16,5.05,5.08,4.98,4.98,120820
1221,2014-07-15,4.92,5.05,4.92,5.02,100080
1220,2014-07-14,4.92,4.98,4.92,4.98,16070
1219,2014-07-11,4.89,4.95,4.83,4.92,93090
1218,2014-07-10,5.14,5.14,4.92,4.92,187080
1217,2014-07-09,5.05,5.11,5.05,5.05,97430
1216,2014-07-08,5.02,5.11,4.98,5.05,73540
1215,2014-07-07,5.14,5.2,5.08,5.17,127220
1214,2014-07-04,5.17,5.17,5.05,5.14,283650
1213,2014-07-03,4.86,5.17,4.86,5.17,829440
1212,2014-07-02,4.83,4.89,4.83,4.89,107520
1211,2014-07-01,4.8,4.86,4.8,4.83,70930
1210,2014-06-30,4.86,4.92,4.83,4.83,16920
1209,2014-06-27,4.74,4.95,4.74,4.86,155460
1208,2014-06-26,4.89,4.92,4.8,4.89,123360
1207,2014-06-25,4.8,4.92,4.74,4.86,261640
1206,2014-06-24,4.71,4.8,4.68,4.77,53630
1205,2014-06-23,4.53,4.8,4.53,4.68,179120
1204,2014-06-20,4.89,4.98,4.53,4.53,259220
1203,2014-06-19,4.98,4.98,4.77,4.83,56790
1202,2014-06-18,5.14,5.14,4.98,5.05,56720
1201,2014-06-17,5.05,5.05,4.98,5.05,64240
1200,2014-06-16,5.17,5.2,5.05,5.05,17810
1199,2014-06-13,5.26,5.26,5.14,5.17,176030
1198,2014-06-12,5.14,5.32,5.05,5.17,157910
1197,2014-06-11,4.89,5.2,4.89,5.14,339560
1196,2014-06-10,5.02,5.14,4.98,5.05,603210
1195,2014-06-09,4.74,5.05,4.71,5.02,690880
1194,2014-06-06,4.53,4.74,4.4,4.74,282720
1193,2014-06-05,4.43,4.5,4.4,4.43,65950
1192,2014-06-04,4.5,4.53,4.37,4.43,164480
1191,2014-06-03,4.43,4.46,4.34,4.4,83720
1190,2014-06-02,4.56,4.56,4.34,4.34,89290
1189,2014-05-30,4.53,4.62,4.43,4.43,244400
1188,2014-05-29,4.65,4.68,4.46,4.53,153310
1187,2014-05-28,4.62,4.74,4.56,4.68,182160
1186,2014-05-27,4.43,4.62,4.37,4.62,232120
1185,2014-05-26,4.5,4.5,4.31,4.43,120240
1184,2014-05-23,4.46,4.53,4.22,4.37,155500
1183,2014-05-22,4.46,4.62,4.43,4.43,278580
1182,2014-05-21,4.53,4.62,4.43,4.59,310570
1181,2014-05-20,4.31,4.5,4.31,4.46,58700
1180,2014-05-19,4.37,4.53,4.16,4.5,210900
1179,2014-05-16,4.13,4.37,4.1,4.37,243600
1178,2014-05-15,4.13,4.28,3.82,4.13,559500
1177,2014-05-14,3.61,4.04,3.61,4.04,383840
1176,2014-05-13,3.79,3.95,3.73,3.79,704070
1175,2014-05-12,4.04,4.04,4.01,4.01,1103450
1174,2014-05-09,4.19,4.37,4.13,4.28,548450
1173,2014-05-08,4.43,4.43,4.4,4.4,664850
1172,2014-05-07,4.68,4.8,4.68,4.71,219360
1171,2014-05-06,4.65,4.86,4.53,4.86,234960
1170,2014-05-05,5.05,5.26,4.77,4.86,119580
1169,2014-04-29,5.02,5.11,4.98,5.11,167830
1168,2014-04-28,5.05,5.2,5.02,5.02,88780
1167,2014-04-25,5.08,5.2,5.05,5.2,233770
1166,2014-04-24,4.95,5.17,4.95,5.17,36530
1165,2014-04-23,5.23,5.29,5.11,5.17,91290
1164,2014-04-22,5.11,5.26,4.98,5.26,227360
1163,2014-04-21,5.02,5.2,4.95,5.05,452180
1162,2014-04-18,5.17,5.38,5.02,5.05,260750
1161,2014-04-17,5.35,5.5,5.35,5.38,144170
1160,2014-04-16,5.38,5.41,5.08,5.35,501090
1159,2014-04-15,5.57,5.6,5.38,5.38,837210
1158,2014-04-14,5.66,5.69,5.57,5.57,745770
1157,2014-04-11,5.57,5.72,5.5,5.66,653360
1156,2014-04-10,5.6,5.75,5.6,5.66,734400
1155,2014-04-08,5.57,5.66,5.57,5.6,691370
1154,2014-04-07,5.44,5.57,5.44,5.57,1024190
1153,2014-04-04,5.44,5.57,5.38,5.47,892300
1152,2014-04-03,5.02,5.35,5.02,5.35,567490
1151,2014-04-02,5.2,5.2,4.86,5.02,1119760
1150,2014-04-01,5.54,5.54,5.17,5.17,1064410
1149,2014-03-31,5.81,5.81,5.54,5.54,437260
1148,2014-03-28,5.72,5.96,5.72,5.81,545950
1147,2014-03-27,5.6,5.75,5.47,5.72,743030
1146,2014-03-26,5.87,5.93,5.44,5.66,1745000
1145,2014-03-25,5.99,5.99,5.81,5.81,1954530
1144,2014-03-24,5.75,5.93,5.57,5.93,1711980
1143,2014-03-21,5.35,5.63,5.32,5.57,1762290
1142,2014-03-20,5.47,5.5,5.26,5.35,861550
1141,2014-03-19,5.38,5.47,5.32,5.47,1196880
1140,2014-03-18,5.38,5.41,5.29,5.38,912640
1139,2014-03-17,5.32,5.38,5.2,5.29,1137890
1138,2014-03-14,5.2,5.32,5.2,5.26,758390
1137,2014-03-13,5.05,5.2,5.05,5.17,394810
1136,2014-03-12,5.17,5.26,5.08,5.14,600330
1135,2014-03-11,5.23,5.32,5.17,5.17,555870
1134,2014-03-10,5.35,5.35,5.2,5.23,282360
1133,2014-03-07,5.23,5.44,5.2,5.35,895060
1132,2014-03-06,5.17,5.26,5.11,5.2,872640
1131,2014-03-05,4.98,5.23,4.98,5.17,638630
1130,2014-03-04,4.71,5.02,4.71,4.98,1017100
1129,2014-03-03,5.08,5.17,4.8,4.83,914850
1128,2014-02-28,5.14,5.17,4.98,5.14,867950
1127,2014-02-27,5.47,5.5,5.11,5.11,1166920
1126,2014-02-26,5.57,5.57,5.35,5.47,689990
1125,2014-02-25,5.5,5.63,5.47,5.57,973650
1124,2014-02-24,5.44,5.66,5.41,5.54,649530
1123,2014-02-21,5.29,5.54,5.14,5.38,790410
1122,2014-02-20,5.32,5.44,5.2,5.29,3231860
1121,2014-02-19,5.2,5.38,5.2,5.32,1603770
1120,2014-02-18,4.74,5.05,4.74,5.05,1879520
1119,2014-02-17,4.62,4.8,4.53,4.74,1178540
1118,2014-02-14,4.62,4.74,4.56,4.62,1205390
1117,2014-02-13,4.46,4.68,4.43,4.62,2194660
1116,2014-02-12,4.37,4.43,4.31,4.4,963690
1115,2014-02-11,4.65,4.65,4.34,4.37,1365400
1114,2014-02-10,4.43,4.62,4.34,4.62,638370
1113,2014-02-07,4.34,4.53,4.28,4.43,1381130
1112,2014-02-06,4.01,4.25,4.01,4.25,1775560
1111,2014-01-27,3.95,4.01,3.91,3.98,363810
1110,2014-01-24,4.01,4.04,3.95,3.95,248380
1109,2014-01-23,3.91,4.04,3.91,4.01,299540
1108,2014-01-22,3.95,4.13,3.95,3.95,1678540
1107,2014-01-21,3.79,3.95,3.79,3.91,466970
1106,2014-01-20,3.82,3.88,3.73,3.79,549540
1105,2014-01-17,3.98,4.04,3.82,3.82,910660
1104,2014-01-16,3.82,3.98,3.76,3.95,848810
1103,2014-01-15,3.85,3.85,3.79,3.79,736420
1102,2014-01-14,3.76,3.85,3.76,3.79,482320
1101,2014-01-13,3.82,3.85,3.76,3.76,534500
1100,2014-01-10,3.91,3.95,3.82,3.82,765150
1099,2014-01-09,3.88,3.91,3.85,3.88,477860
1098,2014-01-08,3.85,3.91,3.85,3.88,468210
1097,2014-01-07,3.88,3.95,3.85,3.85,1198440
1096,2014-01-06,3.76,3.85,3.76,3.85,464750
1095,2014-01-03,3.73,3.79,3.73,3.76,426660
1094,2014-01-02,3.79,3.82,3.73,3.73,375010
1093,2013-12-31,3.67,3.82,3.67,3.79,413050
1092,2013-12-30,3.82,3.85,3.61,3.67,1280130
1091,2013-12-27,4.01,4.01,3.82,3.82,652880
1090,2013-12-26,4.04,4.13,4.01,4.01,687660
1089,2013-12-25,4.07,4.13,3.98,4.04,610430
1088,2013-12-24,4.1,4.13,4.04,4.04,674060
1087,2013-12-23,4.16,4.19,4.07,4.07,643900
1086,2013-12-20,3.95,4.16,3.95,4.13,2952210
1085,2013-12-19,3.85,3.95,3.85,3.91,787000
1084,2013-12-18,3.91,3.98,3.85,3.85,591830
1083,2013-12-17,3.91,3.91,3.82,3.91,633590
1082,2013-12-16,3.85,3.95,3.85,3.85,572990
1081,2013-12-13,3.79,3.98,3.79,3.85,1378820
1080,2013-12-12,3.73,3.79,3.7,3.73,705330
1079,2013-12-11,3.85,3.91,3.76,3.79,757190
1078,2013-12-10,3.88,3.91,3.79,3.88,869430
1077,2013-12-09,4.01,4.01,3.85,3.85,781220
1076,2013-12-06,3.88,4.01,3.82,3.91,1257480
1075,2013-12-05,3.79,3.91,3.79,3.82,688870
1074,2013-12-04,3.82,3.91,3.79,3.82,1227750
1073,2013-12-03,3.73,3.85,3.73,3.79,1093490
1072,2013-12-02,3.67,3.73,3.67,3.73,696340
1071,2013-11-29,3.73,3.76,3.64,3.73,726960
1070,2013-11-28,3.67,3.76,3.64,3.73,510520
1069,2013-11-27,3.64,3.79,3.61,3.67,1617600
1068,2013-11-26,3.46,3.64,3.43,3.55,1046310
1067,2013-11-25,3.58,3.61,3.49,3.49,566660
1066,2013-11-22,3.64,3.64,3.55,3.55,710100
1065,2013-11-21,3.76,3.85,3.58,3.58,1570510
1064,2013-11-20,3.7,3.76,3.67,3.7,578400
1063,2013-11-19,3.67,3.73,3.64,3.7,625320
1062,2013-11-18,3.79,3.79,3.67,3.7,944550
1061,2013-11-15,3.61,3.73,3.58,3.73,421140
1060,2013-11-14,3.64,3.76,3.58,3.67,802980
1059,2013-11-13,3.67,3.76,3.64,3.64,727410
1058,2013-11-12,3.91,3.91,3.67,3.67,1396340
1057,2013-11-11,3.79,3.91,3.76,3.91,719700
1056,2013-11-08,3.73,3.85,3.73,3.79,615500
1055,2013-11-07,3.79,3.88,3.73,3.73,1001400
1054,2013-11-06,3.79,3.85,3.73,3.76,634140
1053,2013-11-05,3.82,3.82,3.7,3.82,664140
1052,2013-11-04,3.61,3.85,3.61,3.79,1339210
1051,2013-11-01,3.67,3.67,3.55,3.61,598300
1050,2013-10-31,3.46,3.64,3.46,3.64,1552200
1049,2013-10-30,3.49,3.52,3.39,3.46,443000
1048,2013-10-29,3.3,3.46,3.3,3.46,398320
1047,2013-10-28,3.46,3.52,3.33,3.33,578930
1046,2013-10-25,3.46,3.58,3.43,3.49,968710
1045,2013-10-24,3.61,3.61,3.43,3.49,782080
1044,2013-10-23,3.49,3.67,3.49,3.61,947590
1043,2013-10-22,3.46,3.52,3.39,3.49,881910
1042,2013-10-21,3.52,3.61,3.43,3.46,987650
1041,2013-10-18,3.18,3.39,3.18,3.39,1396530
1040,2013-10-17,3.21,3.24,3.18,3.18,740400
1039,2013-10-16,3.18,3.24,3.15,3.15,635150
1038,2013-10-15,2.97,3.15,2.97,3.15,1000320
1037,2013-10-14,3.03,3.06,2.97,2.97,563800
1036,2013-10-11,3.06,3.09,3.03,3.03,808990
1035,2013-10-10,3.18,3.21,3.03,3.03,1235490
1034,2013-10-09,3.21,3.3,3.12,3.18,588200
1033,2013-10-08,3.03,3.21,3.03,3.21,1237950
1032,2013-10-07,3.03,3.12,3.0,3.03,833710
1031,2013-10-04,2.84,3.06,2.81,3.03,1629950
1030,2013-10-03,2.84,2.87,2.81,2.87,618760
1029,2013-10-02,2.81,2.94,2.81,2.87,803120
1028,2013-10-01,2.87,2.94,2.75,2.78,1152310
1027,2013-09-30,2.69,2.84,2.69,2.84,1191610
1026,2013-09-27,2.69,2.72,2.63,2.66,710440
1025,2013-09-26,2.66,2.75,2.66,2.69,676200
1024,2013-09-25,2.63,2.72,2.6,2.66,1629010
1023,2013-09-24,2.42,2.57,2.42,2.57,1031290
1022,2013-09-23,2.32,2.45,2.32,2.42,420450
1021,2013-09-20,2.39,2.39,2.32,2.32,749670
1020,2013-09-19,2.35,2.42,2.35,2.35,216920
1019,2013-09-18,2.45,2.45,2.35,2.35,374380
1018,2013-09-17,2.45,2.45,2.42,2.45,325200
1017,2013-09-16,2.54,2.54,2.45,2.45,353600
1016,2013-09-13,2.54,2.57,2.51,2.54,363410
1015,2013-09-12,2.54,2.54,2.51,2.54,92950
1014,2013-09-11,2.54,2.57,2.48,2.54,292760
1013,2013-09-10,2.54,2.54,2.48,2.51,136110
1012,2013-09-09,2.42,2.6,2.39,2.51,1091560
1011,2013-09-06,2.42,2.48,2.39,2.45,388700
1010,2013-09-05,2.35,2.42,2.32,2.42,176680
1009,2013-09-04,2.42,2.42,2.35,2.35,549140
1008,2013-09-03,2.48,2.48,2.39,2.42,275350
1007,2013-08-30,2.45,2.45,2.35,2.45,283130
1006,2013-08-29,2.45,2.51,2.39,2.39,541450
1005,2013-08-28,2.45,2.48,2.42,2.45,640500
1004,2013-08-27,2.57,2.57,2.48,2.48,286030
1003,2013-08-26,2.57,2.57,2.51,2.57,224510
1002,2013-08-23,2.6,2.6,2.51,2.54,485520
1001,2013-08-22,2.69,2.69,2.57,2.6,518740
1000,2013-08-21,2.72,2.72,2.63,2.69,581900
999,2013-08-20,2.69,2.75,2.69,2.72,573520
998,2013-08-19,2.75,2.81,2.75,2.75,804320
997,2013-08-16,2.66,2.75,2.66,2.75,1105060
996,2013-08-15,2.54,2.6,2.51,2.6,935620
995,2013-08-14,2.45,2.48,2.42,2.45,1428460
994,2013-08-13,2.51,2.57,2.39,2.45,512250
993,2013-08-12,2.54,2.6,2.51,2.51,167120
992,2013-08-09,2.6,2.63,2.54,2.57,432700
991,2013-08-08,2.66,2.69,2.63,2.63,212170
990,2013-08-07,2.63,2.72,2.63,2.69,175560
989,2013-08-06,2.69,2.69,2.63,2.66,352260
988,2013-08-05,2.75,2.75,2.69,2.72,190790
987,2013-08-02,2.75,2.78,2.72,2.78,73350
986,2013-08-01,2.72,2.78,2.72,2.75,102870
985,2013-07-31,2.66,2.81,2.63,2.78,472210
984,2013-07-30,2.66,2.69,2.63,2.63,267770
983,2013-07-29,2.75,2.78,2.66,2.66,170550
982,2013-07-26,2.81,2.84,2.72,2.78,521370
981,2013-07-25,2.91,2.91,2.84,2.84,162430
980,2013-07-24,3.03,3.03,2.91,2.91,260540
979,2013-07-23,2.97,3.0,2.94,2.97,261460
978,2013-07-22,3.03,3.03,2.97,2.97,231750
977,2013-07-19,3.06,3.09,3.03,3.03,152220
976,2013-07-18,3.06,3.09,3.03,3.06,164180
975,2013-07-17,3.06,3.12,3.0,3.09,375600
974,2013-07-16,3.06,3.09,3.03,3.03,307030
973,2013-07-15,3.18,3.21,3.09,3.09,301760
972,2013-07-12,3.03,3.18,3.03,3.15,527110
971,2013-07-11,3.0,3.03,2.94,3.03,187940
970,2013-07-10,3.03,3.03,2.97,2.97,136400
969,2013-07-09,2.97,3.06,2.97,2.97,159380
968,2013-07-08,3.09,3.09,3.0,3.0,211410
967,2013-07-05,3.12,3.12,3.06,3.09,186610
966,2013-07-04,3.15,3.15,3.06,3.09,405930
965,2013-07-03,3.15,3.21,3.12,3.12,270260
964,2013-07-02,3.12,3.21,3.12,3.18,323070
963,2013-07-01,3.18,3.18,3.06,3.15,187850
962,2013-06-28,3.18,3.21,3.12,3.18,472740
961,2013-06-27,3.12,3.18,3.06,3.18,477400
960,2013-06-26,3.12,3.21,3.03,3.12,902760
959,2013-06-25,3.43,3.43,3.21,3.21,534450
958,2013-06-24,3.64,3.7,3.36,3.43,1222320
957,2013-06-21,3.61,3.67,3.58,3.61,230190
956,2013-06-20,3.7,3.7,3.61,3.64,287930
955,2013-06-19,3.7,3.73,3.67,3.67,239590
954,2013-06-18,3.67,3.7,3.64,3.64,556170
953,2013-06-17,3.73,3.79,3.67,3.67,444910
952,2013-06-14,3.73,3.85,3.73,3.73,1030940
951,2013-06-13,3.76,3.79,3.64,3.73,667110
950,2013-06-12,3.82,3.85,3.76,3.76,468090
949,2013-06-11,3.88,3.88,3.82,3.82,394580
948,2013-06-10,4.01,4.01,3.85,3.85,647880
947,2013-06-07,3.98,4.01,3.88,3.91,279260
946,2013-06-06,3.91,4.01,3.88,3.91,281550
945,2013-06-05,3.85,3.95,3.85,3.91,510930
944,2013-06-04,4.1,4.1,3.85,3.85,336250
943,2013-06-03,4.1,4.16,4.04,4.07,452030
942,2013-05-31,4.16,4.25,4.1,4.1,767900
941,2013-05-30,4.04,4.1,3.95,4.1,414390
940,2013-05-29,4.04,4.16,3.98,4.01,814110
939,2013-05-28,3.95,3.98,3.85,3.98,518260
938,2013-05-27,3.85,3.98,3.82,3.91,781140
937,2013-05-24,3.82,3.91,3.79,3.82,542770
936,2013-05-23,3.82,3.95,3.82,3.82,424740
935,2013-05-22,3.91,3.91,3.82,3.82,372070
934,2013-05-21,3.88,3.95,3.82,3.88,631930
933,2013-05-20,3.79,3.88,3.79,3.88,146210
932,2013-05-17,3.88,3.88,3.76,3.88,280230
931,2013-05-16,3.76,3.91,3.76,3.88,502760
930,2013-05-15,3.73,3.85,3.73,3.79,230030
929,2013-05-14,3.82,3.82,3.67,3.76,187340
928,2013-05-13,3.76,3.88,3.76,3.85,291110
927,2013-05-10,3.82,3.82,3.7,3.76,494870
926,2013-05-09,3.67,3.88,3.64,3.82,467530
925,2013-05-08,3.73,3.73,3.64,3.64,199910
924,2013-05-07,3.67,3.79,3.64,3.64,280310
923,2013-05-06,3.46,3.64,3.46,3.64,401680
922,2013-05-03,3.36,3.43,3.33,3.43,59680
921,2013-05-02,3.43,3.46,3.33,3.36,99210
920,2013-04-26,3.39,3.46,3.36,3.46,62230
919,2013-04-25,3.33,3.49,3.33,3.43,192420
918,2013-04-24,3.3,3.43,3.3,3.3,193860
917,2013-04-23,3.49,3.49,3.36,3.36,98460
916,2013-04-22,3.46,3.46,3.33,3.43,70420
915,2013-04-18,3.46,3.52,3.33,3.43,387720
914,2013-04-17,3.49,3.55,3.49,3.52,109170
913,2013-04-16,3.46,3.52,3.39,3.49,276250
912,2013-04-15,3.67,3.7,3.55,3.55,233190
911,2013-04-12,3.82,3.88,3.67,3.7,230550
910,2013-04-11,3.79,3.82,3.73,3.82,219300
909,2013-04-10,3.79,3.95,3.7,3.7,626840
908,2013-04-09,3.7,3.82,3.64,3.79,282060
907,2013-04-08,3.76,3.76,3.58,3.64,266150
906,2013-04-05,3.76,3.76,3.67,3.73,406200
905,2013-04-04,3.76,3.82,3.76,3.76,205520
904,2013-04-03,3.88,3.98,3.79,3.79,209590
903,2013-04-02,3.91,4.07,3.91,3.91,138620
902,2013-04-01,3.85,3.91,3.76,3.91,174710
901,2013-03-29,3.79,3.88,3.73,3.85,124640
900,2013-03-28,3.91,3.98,3.82,3.85,88330
899,2013-03-27,3.95,3.95,3.88,3.88,111100
898,2013-03-26,4.07,4.07,3.95,3.95,46560
897,2013-03-25,3.98,4.04,3.88,4.04,194360
896,2013-03-22,4.07,4.1,3.91,4.01,161070
895,2013-03-21,4.1,4.16,4.1,4.1,219440
894,2013-03-20,4.07,4.16,4.07,4.13,196380
893,2013-03-19,4.04,4.13,4.01,4.04,279100
892,2013-03-18,4.28,4.28,4.13,4.13,116030
891,2013-03-15,4.1,4.28,4.1,4.28,434540
890,2013-03-14,3.91,4.16,3.91,4.13,686560
889,2013-03-13,3.95,4.04,3.91,3.91,199370
888,2013-03-12,4.1,4.1,3.88,3.98,223950
887,2013-03-11,3.91,4.13,3.91,4.07,171280
886,2013-03-08,3.91,3.95,3.82,3.91,64600
885,2013-03-07,3.88,3.91,3.82,3.85,254130
884,2013-03-06,3.85,3.95,3.79,3.88,112760
883,2013-03-05,3.82,3.88,3.64,3.85,174220
882,2013-03-04,4.04,4.1,3.85,3.88,255030
881,2013-03-01,4.07,4.13,4.04,4.04,253720
880,2013-02-28,4.1,4.13,3.98,4.04,409160
879,2013-02-27,4.04,4.07,3.85,3.98,243810
878,2013-02-26,4.28,4.28,4.01,4.01,588940
877,2013-02-25,4.28,4.4,4.25,4.28,218220
876,2013-02-22,4.43,4.56,4.16,4.28,636550
875,2013-02-21,4.83,4.83,4.46,4.46,433200
874,2013-02-20,4.74,4.8,4.59,4.77,1080800
873,2013-02-19,4.53,4.83,4.5,4.74,1070790
872,2013-02-18,4.53,4.62,4.43,4.53,421310
871,2013-02-08,4.5,4.68,4.37,4.59,266580
870,2013-02-07,4.46,4.53,4.37,4.5,269010
869,2013-02-06,4.5,4.5,4.34,4.46,169200
868,2013-02-05,4.34,4.46,4.31,4.31,319970
867,2013-02-04,4.59,4.59,4.46,4.46,182540
866,2013-02-01,4.4,4.5,4.37,4.46,161590
865,2013-01-31,4.65,4.65,4.43,4.53,398650
864,2013-01-30,4.65,4.71,4.59,4.65,384980
863,2013-01-29,4.53,4.62,4.43,4.62,300740
862,2013-01-28,4.53,4.74,4.53,4.53,352070
861,2013-01-25,4.4,4.56,4.4,4.53,329290
860,2013-01-24,4.37,4.4,4.28,4.4,146070
859,2013-01-23,4.25,4.31,4.22,4.28,224320
858,2013-01-22,4.37,4.4,4.19,4.25,357410
857,2013-01-21,4.31,4.43,4.28,4.37,168280
856,2013-01-18,4.5,4.5,4.31,4.31,487400
855,2013-01-17,4.71,4.8,4.5,4.5,401400
854,2013-01-16,4.59,4.71,4.53,4.71,780260
853,2013-01-15,4.22,4.4,4.19,4.4,899680
852,2013-01-14,4.13,4.19,4.1,4.13,363400
851,2013-01-11,4.34,4.34,4.19,4.19,694540
850,2013-01-10,4.1,4.28,4.01,4.28,404820
849,2013-01-09,4.19,4.34,4.01,4.1,1174380
848,2013-01-08,4.1,4.25,4.1,4.16,445970
847,2013-01-07,4.19,4.22,4.1,4.22,821180
846,2013-01-04,3.95,4.13,3.91,4.13,694610
845,2013-01-03,3.95,4.01,3.85,3.95,671080
844,2013-01-02,3.91,4.07,3.91,3.95,1145490
843,2012-12-28,3.91,3.98,3.88,3.91,229750
842,2012-12-27,3.94,3.97,3.81,3.86,364310
841,2012-12-26,3.73,3.94,3.73,3.89,332620
840,2012-12-25,3.94,3.94,3.84,3.84,228660
839,2012-12-24,3.73,3.89,3.73,3.89,417820
838,2012-12-21,3.76,3.79,3.68,3.79,636400
837,2012-12-20,3.84,3.84,3.76,3.76,645160
836,2012-12-19,3.58,3.66,3.58,3.66,312110
835,2012-12-18,3.58,3.58,3.45,3.5,587170
834,2012-12-17,3.61,3.63,3.5,3.55,576980
833,2012-12-14,3.68,3.73,3.55,3.61,495590
832,2012-12-13,3.55,3.66,3.42,3.66,689690
831,2012-12-12,3.53,3.58,3.48,3.55,396900
830,2012-12-11,3.45,3.53,3.42,3.5,589940
829,2012-12-10,3.29,3.42,3.29,3.37,799450
828,2012-12-07,3.32,3.37,3.29,3.29,134750
827,2012-12-06,3.32,3.37,3.32,3.35,226990
826,2012-12-05,3.29,3.4,3.29,3.32,346790
825,2012-12-04,3.19,3.29,3.19,3.24,102050
824,2012-12-03,3.24,3.24,3.16,3.19,179290
823,2012-11-30,3.22,3.27,3.19,3.19,383080
822,2012-11-29,3.16,3.27,3.16,3.22,398400
821,2012-11-28,3.22,3.24,3.19,3.19,272710
820,2012-11-27,3.09,3.22,3.09,3.16,253100
819,2012-11-26,3.19,3.19,3.11,3.11,260610
818,2012-11-23,3.22,3.27,3.19,3.19,79550
817,2012-11-22,3.22,3.27,3.19,3.27,245120
816,2012-11-21,3.32,3.32,3.22,3.24,218780
815,2012-11-20,3.29,3.37,3.29,3.32,76000
814,2012-11-19,3.29,3.29,3.24,3.27,69280
813,2012-11-16,3.29,3.35,3.22,3.27,253370
812,2012-11-15,3.4,3.4,3.29,3.29,167400
811,2012-11-14,3.5,3.55,3.42,3.42,109800
810,2012-11-13,3.55,3.55,3.45,3.5,114700
809,2012-11-12,3.35,3.55,3.35,3.55,150450
808,2012-11-09,3.32,3.4,3.32,3.4,262890
807,2012-11-08,3.19,3.32,3.19,3.32,199790
806,2012-11-07,3.14,3.27,3.11,3.27,245460
805,2012-11-06,3.14,3.14,3.09,3.11,124640
804,2012-11-05,3.03,3.11,3.03,3.09,65650
803,2012-11-02,3.09,3.11,3.03,3.03,436130
802,2012-11-01,3.24,3.24,3.16,3.19,35360
801,2012-10-31,3.16,3.22,3.14,3.19,43060
800,2012-10-30,3.24,3.24,3.16,3.16,92030
799,2012-10-29,3.29,3.29,3.19,3.19,43090
798,2012-10-26,3.11,3.27,3.11,3.27,89970
797,2012-10-25,3.16,3.19,3.06,3.11,287780
796,2012-10-24,3.32,3.32,3.19,3.19,88990
795,2012-10-23,3.29,3.35,3.24,3.32,34760
794,2012-10-22,3.32,3.37,3.29,3.29,120810
793,2012-10-19,3.48,3.5,3.37,3.42,362460
792,2012-10-18,3.58,3.61,3.48,3.53,92830
791,2012-10-17,3.4,3.53,3.32,3.53,401340
790,2012-10-16,3.22,3.37,3.22,3.37,143660
789,2012-10-15,3.35,3.37,3.22,3.22,109830
788,2012-10-12,3.29,3.45,3.24,3.37,214360
787,2012-10-11,3.42,3.45,3.29,3.32,311540
786,2012-10-10,3.35,3.42,3.27,3.42,494480
785,2012-10-09,3.27,3.27,3.24,3.27,112280
784,2012-10-08,3.09,3.11,3.06,3.11,448520
783,2012-10-05,2.88,2.98,2.85,2.98,223530
782,2012-10-04,2.93,2.96,2.83,2.85,136170
781,2012-10-03,2.96,2.98,2.85,2.85,57520
780,2012-10-02,2.98,2.98,2.85,2.85,25330
779,2012-10-01,3.03,3.03,2.93,2.98,45750
778,2012-09-28,3.09,3.09,3.06,3.06,45100
777,2012-09-27,3.11,3.11,3.09,3.11,22130
776,2012-09-26,3.19,3.19,3.11,3.14,51210
775,2012-09-25,3.22,3.22,3.06,3.19,51910
774,2012-09-24,3.11,3.16,3.11,3.16,30720
773,2012-09-21,3.09,3.22,3.09,3.22,59210
772,2012-09-20,3.09,3.09,3.06,3.09,26340
771,2012-09-19,3.09,3.22,3.06,3.22,46090
770,2012-09-18,3.37,3.37,3.22,3.22,18020
769,2012-09-17,3.37,3.48,3.32,3.37,31290
768,2012-09-14,3.35,3.48,3.35,3.48,44100
767,2012-09-13,3.24,3.32,3.16,3.32,7350
766,2012-09-12,3.27,3.27,3.19,3.19,28540
765,2012-09-11,3.16,3.35,3.16,3.22,26120
764,2012-09-10,3.48,3.48,3.29,3.29,121190
763,2012-09-07,3.48,3.48,3.4,3.45,60990
762,2012-09-06,3.48,3.48,3.37,3.37,94670
761,2012-09-05,3.66,3.66,3.48,3.48,101100
760,2012-09-04,3.71,3.71,3.61,3.61,13280
759,2012-08-31,3.63,3.68,3.58,3.63,12950
758,2012-08-30,3.61,3.73,3.58,3.63,124070
757,2012-08-29,3.53,3.58,3.45,3.58,125470
756,2012-08-28,3.4,3.53,3.32,3.42,183870
755,2012-08-27,3.66,3.66,3.48,3.48,86970
754,2012-08-24,3.5,3.76,3.5,3.66,225240
753,2012-08-23,3.68,3.68,3.68,3.68,49470
752,2012-08-22,3.86,3.97,3.86,3.86,198470
751,2012-08-21,4.07,4.12,4.05,4.05,182420
750,2012-08-20,4.2,4.41,4.2,4.25,47860
749,2012-08-17,4.2,4.28,4.2,4.2,73780
748,2012-08-16,4.23,4.25,4.23,4.23,26860
747,2012-08-15,4.25,4.28,4.25,4.25,26190
746,2012-08-14,4.25,4.36,4.23,4.25,33830
745,2012-08-13,4.23,4.36,4.18,4.23,29660
744,2012-08-10,4.31,4.36,4.25,4.25,9920
743,2012-08-09,4.41,4.41,4.31,4.36,43110
742,2012-08-08,4.36,4.36,4.31,4.31,18420
741,2012-08-07,4.31,4.38,4.28,4.36,15160
740,2012-08-06,4.38,4.49,4.28,4.38,78260
739,2012-08-03,4.28,4.36,4.25,4.28,11750
738,2012-08-02,4.28,4.28,4.2,4.2,20510
737,2012-08-01,4.28,4.31,4.15,4.15,13680
736,2012-07-31,4.38,4.38,4.28,4.31,22520
735,2012-07-30,4.15,4.38,4.15,4.38,2930
734,2012-07-27,4.44,4.44,4.25,4.25,19360
733,2012-07-26,4.38,4.38,4.2,4.33,18920
732,2012-07-25,4.15,4.36,4.15,4.2,49660
731,2012-07-24,4.51,4.51,4.28,4.31,57870
730,2012-07-23,4.46,4.62,4.44,4.44,60660
729,2012-07-20,4.67,4.77,4.51,4.51,259310
728,2012-07-19,4.67,4.77,4.49,4.69,121590
727,2012-07-18,4.54,4.67,4.51,4.64,101810
726,2012-07-17,4.36,4.54,4.36,4.54,76780
725,2012-07-16,4.41,4.54,4.33,4.33,77780
724,2012-07-13,4.23,4.51,4.23,4.49,190270
723,2012-07-12,4.07,4.31,4.07,4.31,43870
722,2012-07-11,4.18,4.18,3.99,4.15,43960
721,2012-07-10,4.05,4.2,4.05,4.05,77210
720,2012-07-09,4.2,4.25,4.2,4.2,53780
719,2012-07-06,4.38,4.44,4.28,4.41,78980
718,2012-07-05,4.05,4.28,3.99,4.28,59080
717,2012-07-04,4.2,4.2,4.05,4.1,68550
716,2012-07-03,4.25,4.25,4.05,4.15,101990
715,2012-07-02,4.28,4.31,4.15,4.15,115210
714,2012-06-29,4.25,4.38,4.25,4.25,74140
713,2012-06-28,4.41,4.41,4.15,4.25,210140
712,2012-06-27,4.23,4.41,4.23,4.28,115370
711,2012-06-26,4.41,4.49,4.28,4.28,193140
710,2012-06-25,4.51,4.54,4.36,4.41,302430
709,2012-06-22,4.69,4.72,4.56,4.56,149410
708,2012-06-21,4.72,4.9,4.72,4.77,82490
707,2012-06-20,4.72,4.88,4.67,4.85,108680
706,2012-06-19,4.93,4.93,4.75,4.75,84800
705,2012-06-18,4.9,4.93,4.85,4.93,439910
704,2012-06-15,4.59,4.69,4.49,4.69,182510
703,2012-06-14,4.49,4.62,4.46,4.49,83680
702,2012-06-13,4.69,4.69,4.49,4.54,225330
701,2012-06-12,4.72,4.85,4.67,4.72,264580
700,2012-06-11,4.85,5.01,4.72,4.9,289840
699,2012-06-08,4.85,4.85,4.69,4.82,492230
698,2012-06-07,4.59,4.64,4.59,4.64,282650
697,2012-06-06,4.28,4.44,4.23,4.44,358570
696,2012-06-05,4.15,4.23,3.97,4.23,375700
695,2012-06-04,4.18,4.18,4.05,4.05,206360
694,2012-06-01,4.38,4.41,4.23,4.25,141120
693,2012-05-31,4.41,4.41,4.28,4.31,178800
692,2012-05-30,4.46,4.56,4.41,4.41,39730
691,2012-05-29,4.41,4.54,4.38,4.51,65820
690,2012-05-28,4.59,4.59,4.41,4.56,259500
689,2012-05-25,4.18,4.38,4.18,4.38,151520
688,2012-05-24,4.23,4.44,4.18,4.18,131010
687,2012-05-23,4.69,4.69,4.36,4.36,142150
686,2012-05-22,4.62,4.75,4.56,4.56,180350
685,2012-05-21,4.41,4.62,4.41,4.62,372270
684,2012-05-18,4.49,4.51,4.33,4.41,532890
683,2012-05-17,4.69,4.77,4.54,4.54,262850
682,2012-05-16,4.93,4.98,4.69,4.69,821720
681,2012-05-15,5.16,5.16,4.93,4.93,115960
680,2012-05-14,5.42,5.42,5.16,5.16,307810
679,2012-05-11,5.58,5.6,5.42,5.42,182260
678,2012-05-10,5.71,5.78,5.58,5.6,726830
677,2012-05-09,5.58,5.63,5.45,5.52,259800
676,2012-05-08,5.6,5.81,5.5,5.58,423100
675,2012-05-07,5.73,5.73,5.52,5.6,241230
674,2012-05-04,5.71,5.84,5.58,5.68,198910
673,2012-05-03,5.58,5.71,5.45,5.71,160060
672,2012-05-02,5.91,5.91,5.58,5.65,292500
671,2012-04-27,5.81,5.97,5.73,5.86,147690
670,2012-04-26,5.89,6.07,5.78,5.81,396190
669,2012-04-25,5.73,5.78,5.63,5.78,204020
668,2012-04-24,5.19,5.52,5.08,5.52,374260
667,2012-04-23,5.24,5.37,5.19,5.27,258080
666,2012-04-20,5.34,5.45,5.24,5.24,436400
665,2012-04-19,5.63,5.68,5.5,5.5,358270
664,2012-04-18,5.97,5.99,5.63,5.78,562780
663,2012-04-17,5.76,5.86,5.6,5.86,642290
662,2012-04-16,5.34,5.6,5.34,5.6,236520
661,2012-04-13,5.32,5.52,5.27,5.34,556100
660,2012-04-12,5.27,5.27,5.19,5.27,356200
659,2012-04-11,4.93,5.03,4.85,5.03,543710
658,2012-04-10,4.93,4.93,4.67,4.8,193410
657,2012-04-09,4.85,4.93,4.8,4.82,184330
656,2012-04-06,4.54,4.75,4.54,4.75,457860
655,2012-04-05,4.36,4.54,4.36,4.54,152110
654,2012-04-04,4.46,4.62,4.36,4.46,155030
653,2012-04-03,4.28,4.54,4.25,4.54,143500
652,2012-03-30,4.46,4.54,4.33,4.33,242850
651,2012-03-29,4.59,4.67,4.54,4.54,175740
650,2012-03-28,4.62,4.67,4.49,4.67,237710
649,2012-03-27,4.8,4.88,4.62,4.62,361700
648,2012-03-26,4.82,4.93,4.69,4.85,347380
647,2012-03-23,4.8,4.82,4.67,4.75,372290
646,2012-03-22,4.77,4.8,4.67,4.8,166050
645,2012-03-21,4.51,4.72,4.51,4.72,603670
644,2012-03-20,4.46,4.54,4.41,4.51,111300
643,2012-03-19,4.46,4.64,4.41,4.41,302570
642,2012-03-16,4.72,4.8,4.46,4.46,574360
641,2012-03-15,4.41,4.64,4.33,4.64,271500
640,2012-03-14,4.41,4.51,4.31,4.44,305040
639,2012-03-13,4.41,4.41,4.18,4.31,103250
638,2012-03-12,4.59,4.59,4.28,4.28,359370
637,2012-03-09,4.41,4.67,4.36,4.49,261830
636,2012-03-08,4.62,4.93,4.54,4.54,377530
635,2012-03-07,4.62,4.82,4.41,4.77,494270
634,2012-03-06,5.08,5.08,4.62,4.62,573600
633,2012-03-05,4.82,4.85,4.77,4.85,150020
632,2012-03-02,4.44,4.64,4.44,4.64,334510
631,2012-03-01,4.25,4.46,4.15,4.44,410630
630,2012-02-29,4.05,4.25,4.02,4.25,375530
629,2012-02-28,4.33,4.33,4.12,4.12,462800
628,2012-02-27,4.15,4.36,4.05,4.33,365300
627,2012-02-24,4.12,4.2,4.07,4.15,930110
626,2012-02-23,3.92,4.02,3.84,4.02,599600
625,2012-02-22,3.66,3.84,3.55,3.84,442590
624,2012-02-21,3.66,3.71,3.58,3.66,364630
623,2012-02-20,3.45,3.55,3.45,3.55,257890
622,2012-02-17,3.37,3.4,3.35,3.4,210960
621,2012-02-16,3.19,3.32,3.19,3.32,64810
620,2012-02-15,3.32,3.32,3.22,3.24,130860
619,2012-02-14,3.24,3.32,3.22,3.32,57800
618,2012-02-13,3.24,3.27,3.19,3.22,382050
617,2012-02-10,3.45,3.45,3.29,3.29,316960
616,2012-02-09,3.5,3.5,3.35,3.45,289800
615,2012-02-08,3.32,3.45,3.32,3.45,210080
614,2012-02-07,3.29,3.32,3.22,3.32,251970
613,2012-02-06,3.19,3.27,3.11,3.24,238980
612,2012-02-03,3.4,3.5,3.27,3.27,493860
611,2012-02-02,3.24,3.35,3.22,3.35,290660
610,2012-02-01,3.09,3.19,3.01,3.19,244200
609,2012-01-31,3.06,3.14,3.06,3.09,278080
608,2012-01-30,2.9,3.01,2.85,3.01,185580
607,2012-01-20,2.93,2.96,2.85,2.88,88640
606,2012-01-19,2.75,2.88,2.75,2.88,240730
605,2012-01-18,2.62,2.75,2.62,2.75,98380
604,2012-01-17,2.59,2.67,2.59,2.62,144730
603,2012-01-16,2.52,2.62,2.52,2.62,371700
602,2012-01-13,2.46,2.52,2.46,2.52,247540
601,2012-01-12,2.46,2.49,2.46,2.46,135620
600,2012-01-11,2.49,2.49,2.41,2.49,125030
599,2012-01-10,2.46,2.46,2.39,2.44,274410
598,2012-01-09,2.52,2.52,2.44,2.46,630070
597,2012-01-06,2.62,2.62,2.54,2.54,242390
596,2012-01-05,2.67,2.7,2.62,2.62,66330
595,2012-01-04,2.78,2.78,2.67,2.67,142770
594,2012-01-03,2.65,2.78,2.65,2.72,105040
593,2011-12-30,2.67,2.75,2.65,2.7,251990
592,2011-12-29,2.72,2.72,2.62,2.67,162190
591,2011-12-28,2.59,2.72,2.59,2.72,139350
590,2011-12-27,2.57,2.59,2.46,2.59,98220
589,2011-12-26,2.72,2.72,2.59,2.59,414080
588,2011-12-23,2.75,2.75,2.72,2.72,366660
587,2011-12-22,2.85,2.96,2.85,2.85,149140
586,2011-12-21,2.88,3.03,2.88,2.98,123510
585,2011-12-20,2.96,2.98,2.85,2.96,187600
584,2011-12-19,2.9,2.93,2.85,2.93,227730
583,2011-12-16,2.9,2.93,2.8,2.8,577020
582,2011-12-15,2.9,2.9,2.83,2.83,445040
581,2011-12-14,3.03,3.06,2.93,2.96,707170
580,2011-12-13,2.96,3.19,2.96,2.96,917030
579,2011-12-12,3.11,3.16,3.06,3.09,331060
578,2011-12-09,3.35,3.35,3.22,3.22,76400
577,2011-12-08,3.27,3.37,3.27,3.29,134010
576,2011-12-07,3.29,3.37,3.24,3.27,29830
575,2011-12-06,3.5,3.5,3.37,3.37,103450
574,2011-12-05,3.29,3.4,3.29,3.4,162740
573,2011-12-02,3.22,3.27,3.16,3.24,111720
572,2011-12-01,3.11,3.19,2.96,3.11,61980
571,2011-11-30,3.19,3.24,3.11,3.11,86270
570,2011-11-29,3.27,3.32,3.22,3.24,59720
569,2011-11-28,3.4,3.4,3.24,3.24,63280
568,2011-11-25,3.24,3.32,3.24,3.24,23910
567,2011-11-24,3.27,3.37,3.27,3.27,9440
566,2011-11-23,3.37,3.45,3.29,3.37,60780
565,2011-11-22,3.29,3.42,3.24,3.29,35530
564,2011-11-21,3.32,3.32,3.29,3.32,175780
563,2011-11-18,3.16,3.24,3.16,3.16,222940
562,2011-11-17,3.32,3.48,3.32,3.32,54710
561,2011-11-16,3.45,3.45,3.37,3.45,254860
560,2011-11-15,3.29,3.53,3.29,3.29,109230
559,2011-11-14,3.45,3.79,3.45,3.45,82550
558,2011-11-11,3.63,3.76,3.63,3.63,60330
557,2011-11-10,3.71,3.89,3.71,3.71,36080
556,2011-11-09,3.89,4.07,3.89,3.89,52370
555,2011-11-08,4.07,4.07,3.92,4.07,60380
554,2011-11-07,3.97,4.1,3.97,3.97,53360
553,2011-11-04,4.07,4.23,4.07,4.07,49720
552,2011-11-03,4.12,4.15,4.07,4.12,111670
551,2011-11-02,4.12,4.2,4.1,4.12,135890
550,2011-11-01,4.15,4.36,4.15,4.15,57360
549,2011-10-31,4.36,4.54,4.33,4.36,89120
548,2011-10-28,4.36,4.36,4.18,4.36,294180
547,2011-10-27,4.15,4.23,4.12,4.15,151220
546,2011-10-26,4.12,4.15,4.1,4.12,90000
545,2011-10-25,4.15,4.2,4.1,4.15,163150
544,2011-10-24,4.15,4.23,4.15,4.15,97960
543,2011-10-21,4.07,4.07,3.89,4.07,219230
542,2011-10-20,3.89,3.94,3.81,3.89,63460
541,2011-10-19,3.89,4.07,3.81,3.89,75570
540,2011-10-18,3.89,4.03,3.89,3.89,233500
539,2011-10-17,4.03,4.07,3.89,4.03,126190
538,2011-10-14,4.05,4.12,4.03,4.05,115190
537,2011-10-13,4.01,4.03,3.93,4.01,54210
536,2011-10-12,3.99,4.08,3.97,3.99,117970
535,2011-10-11,3.99,4.01,3.97,3.99,43980
534,2011-10-10,3.97,4.08,3.95,3.97,94730
533,2011-10-07,4.08,4.16,3.99,4.08,147730
532,2011-10-06,3.97,3.97,3.73,3.97,133270
531,2011-10-05,3.79,3.89,3.79,3.79,84020
530,2011-10-04,3.81,3.87,3.73,3.81,82570
529,2011-10-03,3.89,4.07,3.83,3.89,26170
528,2011-09-30,3.91,3.97,3.89,3.91,56640
527,2011-09-29,3.87,3.89,3.77,3.87,99590
526,2011-09-28,3.93,4.05,3.89,3.93,117610
525,2011-09-27,3.97,4.16,3.97,3.97,128870
524,2011-09-26,4.07,4.26,4.07,4.07,221260
523,2011-09-23,4.26,4.38,4.16,4.26,93280
522,2011-09-22,4.38,4.42,4.24,4.38,28870
521,2011-09-21,4.28,4.34,4.26,4.28,137690
520,2011-09-20,4.28,4.45,4.22,4.28,267860
519,2011-09-19,4.42,4.51,4.14,4.42,198820
518,2011-09-16,4.36,4.53,4.36,4.36,377750
517,2011-09-15,4.57,4.71,4.44,4.57,522610
516,2011-09-14,4.67,4.8,4.65,4.67,510560
515,2011-09-13,4.59,4.59,4.38,4.59,373020
514,2011-09-12,4.38,4.38,4.18,4.38,360450
513,2011-09-09,4.18,4.24,4.03,4.18,361000
512,2011-09-08,4.05,4.05,3.91,4.05,299840
511,2011-09-07,3.87,3.87,3.77,3.87,285850
510,2011-09-06,3.7,3.7,3.6,3.7,189260
509,2011-09-05,3.73,3.85,3.7,3.73,302200
508,2011-09-01,3.83,3.89,3.7,3.83,413020
507,2011-08-31,3.72,3.77,3.62,3.72,304050
506,2011-08-30,3.75,3.85,3.72,3.75,210090
505,2011-08-29,3.68,3.68,3.48,3.68,251550
504,2011-08-26,3.5,3.62,3.44,3.5,389210
503,2011-08-25,3.46,3.46,3.29,3.46,292740
502,2011-08-24,3.31,3.4,3.29,3.31,258290
501,2011-08-23,3.35,3.38,3.21,3.35,206670
500,2011-08-22,3.23,3.23,3.17,3.23,120310
499,2011-08-19,3.09,3.19,3.09,3.09,139400
498,2011-08-18,3.21,3.23,3.17,3.21,196520
497,2011-08-17,3.09,3.09,3.0,3.09,188530
496,2011-08-16,2.96,2.98,2.92,2.96,45220
495,2011-08-15,2.92,2.94,2.92,2.92,48060
494,2011-08-12,2.94,3.03,2.94,2.94,57790
493,2011-08-11,2.96,2.96,2.88,2.96,36510
492,2011-08-10,2.96,3.02,2.94,2.96,315650
491,2011-08-09,2.94,3.02,2.94,2.94,173770
490,2011-08-08,3.07,3.13,3.03,3.07,190820
489,2011-08-05,3.0,3.11,2.98,3.0,48840
488,2011-08-04,3.11,3.11,2.98,3.11,162580
487,2011-08-03,2.98,3.05,2.96,2.98,45900
486,2011-08-02,3.05,3.15,3.03,3.05,23800
485,2011-08-01,3.17,3.17,3.05,3.17,150280
484,2011-07-29,3.21,3.23,3.17,3.21,90090
483,2011-07-28,3.25,3.31,3.25,3.25,117720
482,2011-07-27,3.27,3.33,3.27,3.27,75250
481,2011-07-26,3.27,3.31,3.25,3.27,47000
480,2011-07-25,3.31,3.35,3.31,3.31,28240
479,2011-07-22,3.33,3.33,3.31,3.33,40190
478,2011-07-21,3.33,3.37,3.31,3.33,76560
477,2011-07-20,3.37,3.4,3.27,3.37,137230
476,2011-07-19,3.29,3.29,3.27,3.29,30700
475,2011-07-18,3.29,3.31,3.23,3.29,16820
474,2011-07-15,3.29,3.33,3.29,3.29,63650
473,2011-07-14,3.33,3.35,3.27,3.33,59120
472,2011-07-13,3.37,3.38,3.27,3.37,64440
471,2011-07-12,3.37,3.38,3.27,3.37,141920
470,2011-07-11,3.38,3.38,3.31,3.38,36460
469,2011-07-08,3.35,3.38,3.35,3.35,213420
468,2011-07-07,3.38,3.42,3.38,3.38,54250
467,2011-07-06,3.38,3.62,3.38,3.38,194260
466,2011-07-05,3.52,3.56,3.4,3.52,128040
465,2011-07-04,3.4,3.42,3.35,3.4,33900
464,2011-07-01,3.42,3.56,3.4,3.42,121410
463,2011-06-30,3.56,3.66,3.48,3.56,50510
462,2011-06-29,3.54,3.6,3.5,3.54,40620
461,2011-06-28,3.52,3.62,3.52,3.52,96040
460,2011-06-27,3.62,3.75,3.62,3.62,65250
459,2011-06-24,3.64,3.75,3.64,3.64,119320
458,2011-06-23,3.68,3.79,3.68,3.68,85750
457,2011-06-22,3.83,3.85,3.7,3.83,263510
456,2011-06-21,3.68,3.68,3.58,3.68,100040
455,2011-06-20,3.5,3.7,3.5,3.5,150920
454,2011-06-17,3.66,3.73,3.66,3.66,345670
453,2011-06-16,3.83,3.83,3.58,3.83,238440
452,2011-06-15,3.72,3.87,3.7,3.72,183370
451,2011-06-14,3.87,4.16,3.87,3.87,480800
450,2011-06-13,3.97,4.05,3.93,3.97,163620
449,2011-06-10,4.05,4.18,4.01,4.05,110400
448,2011-06-09,4.01,4.03,3.89,4.01,83610
447,2011-06-08,3.95,3.95,3.79,3.95,332460
446,2011-06-07,3.77,3.77,3.75,3.77,290920
445,2011-06-06,3.6,3.6,3.46,3.6,53890
444,2011-06-03,3.56,3.83,3.5,3.56,139380
443,2011-06-02,3.68,3.68,3.64,3.68,102010
442,2011-06-01,3.5,3.5,3.31,3.5,108190
441,2011-05-31,3.35,3.44,3.33,3.35,145860
440,2011-05-30,3.48,3.58,3.42,3.48,45140
439,2011-05-27,3.6,3.79,3.48,3.6,184560
438,2011-05-26,3.66,3.7,3.35,3.66,258690
437,2011-05-25,3.52,3.52,3.52,3.52,33780
436,2011-05-24,3.7,3.72,3.7,3.7,61990
435,2011-05-23,3.87,3.89,3.87,3.87,88500
434,2011-05-20,4.07,4.14,4.07,4.07,85230
433,2011-05-19,4.26,4.36,4.18,4.26,67650
432,2011-05-18,4.28,4.28,4.07,4.28,58160
431,2011-05-17,4.22,4.34,4.12,4.22,50400
430,2011-05-16,4.28,4.38,4.28,4.28,72540
429,2011-05-13,4.42,4.45,4.4,4.42,34480
428,2011-05-12,4.45,4.47,4.42,4.45,60750
427,2011-05-11,4.47,4.55,4.45,4.47,53840
426,2011-05-10,4.55,4.63,4.53,4.55,151350
425,2011-05-09,4.51,4.51,4.44,4.51,58370
424,2011-05-06,4.44,4.47,4.36,4.44,97190
423,2011-05-05,4.36,4.51,4.34,4.36,90470
422,2011-05-04,4.34,4.4,4.34,4.34,114780
421,2011-04-29,4.38,4.38,4.22,4.38,160700
420,2011-04-28,4.26,4.3,4.26,4.26,136150
419,2011-04-27,4.36,4.47,4.36,4.36,147050
418,2011-04-26,4.55,4.71,4.45,4.45,129830
417,2011-04-25,4.65,4.75,4.65,4.67,244940
416,2011-04-22,4.67,4.73,4.53,4.53,138840
415,2011-04-21,5.0,5.0,4.77,4.77,257940
414,2011-04-20,5.14,5.14,4.96,5.0,88200
413,2011-04-19,5.06,5.1,5.04,5.04,69940
412,2011-04-18,5.04,5.17,5.02,5.04,104540
411,2011-04-15,5.25,5.25,5.14,5.15,178150
410,2011-04-14,5.23,5.25,5.19,5.19,49090
409,2011-04-13,5.31,5.37,5.23,5.23,71540
408,2011-04-08,5.25,5.39,5.21,5.31,191230
407,2011-04-07,5.43,5.43,5.25,5.25,177770
406,2011-04-06,5.21,5.43,5.21,5.43,222790
405,2011-04-05,5.12,5.23,5.12,5.21,48470
404,2011-04-04,5.15,5.17,5.12,5.15,75920
403,2011-04-01,5.25,5.25,5.17,5.17,159470
402,2011-03-31,5.29,5.33,5.19,5.21,94440
401,2011-03-30,5.08,5.21,5.08,5.19,125170
400,2011-03-29,5.49,5.49,5.17,5.23,163640
399,2011-03-28,5.58,5.62,5.39,5.39,169550
398,2011-03-25,5.52,5.54,5.31,5.52,63990
397,2011-03-24,5.62,5.64,5.52,5.52,106610
396,2011-03-23,5.62,5.62,5.5,5.58,104290
395,2011-03-22,5.64,5.74,5.5,5.54,179000
394,2011-03-21,5.99,5.99,5.74,5.78,169810
393,2011-03-18,5.6,5.82,5.6,5.82,369770
392,2011-03-17,5.68,5.74,5.58,5.66,177340
391,2011-03-16,5.68,5.76,5.54,5.66,181280
390,2011-03-15,5.6,5.87,5.56,5.68,531870
389,2011-03-14,5.87,5.87,5.52,5.6,693520
388,2011-03-11,5.6,5.6,5.6,5.6,97370
387,2011-03-10,5.15,5.35,5.14,5.35,305390
386,2011-03-09,5.23,5.23,4.98,5.1,78880
385,2011-03-08,5.25,5.27,5.21,5.23,117750
384,2011-03-07,5.23,5.27,5.15,5.21,115410
383,2011-03-04,5.43,5.43,5.21,5.23,108890
382,2011-03-03,5.35,5.35,5.21,5.23,250830
381,2011-03-02,5.54,5.64,5.45,5.45,294950
380,2011-03-01,5.74,5.74,5.58,5.72,84550
379,2011-02-28,5.68,5.84,5.68,5.74,54440
378,2011-02-25,5.86,5.86,5.7,5.8,66730
377,2011-02-24,5.93,5.93,5.64,5.72,249220
376,2011-02-23,6.13,6.13,5.91,5.93,133940
375,2011-02-22,5.91,6.13,5.91,5.93,226540
374,2011-02-21,6.42,6.42,6.22,6.22,75230
373,2011-02-18,6.57,6.61,6.52,6.54,127910
372,2011-02-17,6.89,7.0,6.71,6.73,144210
371,2011-02-16,7.06,7.1,7.0,7.0,172170
370,2011-02-15,7.1,7.18,7.04,7.1,131470
369,2011-02-14,7.39,7.39,7.26,7.26,45750
368,2011-02-11,7.29,7.37,7.29,7.35,134780
367,2011-02-10,7.39,7.41,7.37,7.37,98810
366,2011-02-09,7.43,7.57,7.35,7.35,96850
365,2011-02-08,7.51,7.53,7.47,7.51,96290
364,2011-01-28,7.41,7.41,7.39,7.39,133540
363,2011-01-27,7.43,7.43,7.35,7.39,176370
362,2011-01-26,7.41,7.41,7.29,7.35,45550
361,2011-01-25,7.22,7.47,7.22,7.29,47610
360,2011-01-24,7.53,7.53,7.29,7.29,154560
359,2011-01-21,7.31,7.55,7.31,7.53,298080
358,2011-01-20,7.47,7.47,7.39,7.39,79700
357,2011-01-19,7.63,7.74,7.43,7.47,153870
356,2011-01-18,7.74,7.76,7.47,7.47,79200
355,2011-01-17,7.68,7.8,7.68,7.74,88990
354,2011-01-14,7.57,7.68,7.53,7.68,114960
353,2011-01-13,7.33,7.57,7.33,7.57,101740
352,2011-01-12,7.41,7.59,7.39,7.39,66950
351,2011-01-11,7.59,7.59,7.39,7.41,87880
350,2011-01-10,7.64,7.66,7.49,7.59,95210
349,2011-01-07,7.78,7.78,7.64,7.64,60010
348,2011-01-06,7.76,7.76,7.7,7.74,57010
347,2011-01-05,7.8,7.84,7.74,7.76,149160
346,2011-01-04,8.07,8.07,7.84,7.96,121820
345,2010-12-31,7.74,7.98,7.59,7.98,206730
344,2010-12-30,7.76,7.76,7.64,7.64,133100
343,2010-12-29,7.86,7.86,7.61,7.7,176190
342,2010-12-28,7.49,7.74,7.49,7.64,281340
341,2010-12-27,7.78,7.78,7.51,7.53,236910
340,2010-12-24,7.88,7.88,7.72,7.74,177220
339,2010-12-23,7.7,7.94,7.7,7.8,316780
338,2010-12-22,8.15,8.15,7.86,7.86,331930
337,2010-12-21,7.8,8.16,7.78,7.88,616650
336,2010-12-20,8.16,8.39,8.09,8.09,645610
335,2010-12-17,8.16,8.45,7.78,8.45,389440
334,2010-12-16,8.14,8.35,8.12,8.12,585310
333,2010-12-15,8.71,8.71,8.47,8.54,858460
332,2010-12-14,8.31,8.31,7.94,8.31,1873380
331,2010-12-13,7.94,7.94,7.94,7.94,22720
330,2010-12-10,7.57,7.57,7.46,7.57,596420
329,2010-12-09,6.97,7.38,6.83,7.21,331160
328,2010-12-08,7.21,7.4,7.06,7.06,382760
327,2010-12-07,7.57,7.63,7.35,7.42,286530
326,2010-12-06,7.8,7.82,7.42,7.57,686270
325,2010-12-03,7.46,7.46,7.46,7.46,381800
324,2010-12-02,6.8,7.12,6.8,7.12,364680
323,2010-12-01,6.51,6.83,6.3,6.8,288200
322,2010-11-30,6.51,6.51,6.45,6.51,426650
321,2010-11-29,6.23,6.23,6.11,6.21,262800
320,2010-11-26,6.4,6.4,6.11,6.11,149680
319,2010-11-25,6.07,6.21,5.98,6.11,128100
318,2010-11-24,6.07,6.09,5.96,5.98,136750
317,2010-11-23,6.07,6.26,6.06,6.15,120900
316,2010-11-22,6.07,6.07,5.98,6.07,112470
315,2010-11-19,6.36,6.44,6.26,6.28,152060
314,2010-11-18,6.23,6.53,6.23,6.36,185550
313,2010-11-17,6.28,6.74,6.23,6.23,225650
312,2010-11-16,6.57,6.59,6.51,6.55,183800
311,2010-11-15,6.85,7.25,6.85,6.85,105310
310,2010-11-12,7.21,7.31,7.08,7.21,240360
309,2010-11-11,7.61,7.61,7.23,7.38,125140
308,2010-11-10,7.5,7.75,7.5,7.61,52810
307,2010-11-09,7.59,7.88,7.59,7.59,143890
306,2010-11-08,7.88,7.9,7.8,7.9,69250
305,2010-11-05,7.95,7.95,7.71,7.9,59650
304,2010-11-04,7.69,7.75,7.69,7.69,35130
303,2010-11-03,7.67,7.71,7.63,7.69,63040
302,2010-11-02,7.76,7.78,7.69,7.76,43210
301,2010-11-01,7.76,7.88,7.61,7.76,34750
300,2010-10-29,7.63,7.88,7.63,7.76,31960
299,2010-10-28,7.94,7.94,7.75,7.75,56690
298,2010-10-27,8.07,8.07,7.78,7.94,61290
297,2010-10-26,7.97,8.14,7.78,7.97,57350
296,2010-10-25,7.78,7.78,7.59,7.76,57430
295,2010-10-22,7.86,7.86,7.59,7.78,57610
294,2010-10-21,7.4,7.69,7.4,7.69,57810
293,2010-10-20,7.78,7.78,7.56,7.56,295840
292,2010-10-19,8.07,8.07,7.63,7.76,158770
291,2010-10-18,8.11,8.11,7.97,8.03,14750
290,2010-10-15,7.92,8.05,7.92,8.05,95220
289,2010-10-14,7.94,8.05,7.94,7.97,85720
288,2010-10-13,8.12,8.12,7.86,7.95,144930
287,2010-10-12,7.95,8.03,7.95,7.95,50740
286,2010-10-11,8.11,8.11,7.97,8.03,50250
285,2010-10-08,8.22,8.26,8.11,8.11,103690
284,2010-10-07,8.33,8.33,8.11,8.22,58580
283,2010-10-06,8.26,8.33,8.14,8.33,140170
282,2010-10-05,7.9,8.14,7.9,8.14,217870
281,2010-10-04,8.16,8.16,7.97,7.97,263320
280,2010-10-01,8.22,8.26,8.12,8.14,183110
279,2010-09-30,8.14,8.14,8.03,8.14,72380
278,2010-09-29,8.16,8.16,7.97,7.97,100140
277,2010-09-28,8.26,8.26,8.09,8.09,260010
276,2010-09-27,8.3,8.3,8.14,8.14,124580
275,2010-09-24,8.28,8.33,8.26,8.26,98690
274,2010-09-23,8.28,8.37,8.2,8.28,94130
273,2010-09-22,8.43,8.47,8.31,8.35,137380
272,2010-09-21,8.54,8.56,8.26,8.26,275890
271,2010-09-20,8.83,8.83,8.45,8.54,246730
270,2010-09-17,8.39,8.54,8.35,8.54,189460
269,2010-09-16,8.16,8.37,8.16,8.33,77470
268,2010-09-15,8.35,8.37,8.07,8.35,153630
267,2010-09-14,8.54,8.54,8.16,8.35,75950
266,2010-09-13,8.01,8.33,7.94,8.33,508650
265,2010-09-10,8.77,8.77,8.33,8.33,210400
264,2010-09-09,8.87,8.88,8.69,8.77,239310
263,2010-09-08,8.83,8.92,8.62,8.73,306020
262,2010-09-07,9.24,9.24,9.04,9.06,233220
261,2010-09-06,9.13,9.49,9.13,9.24,276460
260,2010-09-01,9.11,9.13,8.71,9.11,441450
259,2010-08-31,8.64,8.71,8.5,8.71,491110
258,2010-08-30,8.31,8.31,8.31,8.31,125060
257,2010-08-27,7.59,7.94,7.56,7.94,624680
256,2010-08-26,7.33,7.57,7.33,7.57,651280
255,2010-08-25,7.46,7.57,7.46,7.5,509300
254,2010-08-24,7.56,7.84,7.48,7.84,780110
253,2010-08-23,8.16,8.16,7.76,7.86,395490
252,2010-08-20,8.43,8.43,8.03,8.16,237290
251,2010-08-19,8.71,8.71,8.33,8.41,275820
250,2010-08-18,9.02,9.02,8.66,8.66,569530
249,2010-08-17,9.11,9.13,8.92,9.11,423440
248,2010-08-16,9.24,9.28,9.11,9.13,321640
247,2010-08-13,8.79,9.11,8.64,9.11,256640
246,2010-08-12,8.92,9.11,8.75,8.75,472860
245,2010-08-11,9.24,9.24,8.75,9.21,243430
244,2010-08-10,9.4,9.49,9.21,9.21,599700
243,2010-08-09,9.68,9.97,9.49,9.68,274550
242,2010-08-06,10.16,10.16,9.78,9.97,239420
241,2010-08-05,10.54,10.54,10.16,10.16,180750
240,2010-08-04,10.63,10.63,10.25,10.44,468540
239,2010-08-03,10.82,10.92,10.73,10.73,252620
238,2010-08-02,10.82,10.82,10.73,10.82,111420
237,2010-07-30,10.92,10.92,10.82,10.92,158680
236,2010-07-29,10.82,10.92,10.82,10.92,100320
235,2010-07-28,11.01,11.01,10.82,10.92,115340
234,2010-07-27,11.3,11.3,11.11,11.11,91500
233,2010-07-26,11.3,11.3,11.11,11.3,168710
232,2010-07-23,11.11,11.2,11.01,11.11,67550
231,2010-07-22,11.11,11.2,11.01,11.01,145030
230,2010-07-21,11.3,11.39,11.3,11.3,82170
229,2010-07-20,11.49,11.58,11.39,11.39,126620
228,2010-07-19,11.58,11.58,11.39,11.58,100460
227,2010-07-16,11.67,11.67,11.49,11.58,300250
226,2010-07-15,11.67,11.77,11.49,11.67,200030
225,2010-07-14,11.86,11.86,11.67,11.77,154400
224,2010-07-13,11.96,11.96,11.77,11.77,133520
223,2010-07-12,11.58,11.77,11.58,11.77,61690
222,2010-07-09,11.58,11.67,11.58,11.58,55690
221,2010-07-08,11.77,11.86,11.58,11.58,120090
220,2010-07-07,11.77,12.15,11.67,11.77,128660
219,2010-07-06,11.96,12.05,11.96,11.96,84190
218,2010-07-05,12.15,12.24,12.15,12.15,108140
217,2010-07-02,12.15,12.24,12.15,12.15,28480
216,2010-07-01,12.34,12.34,12.15,12.24,157080
215,2010-06-30,11.77,12.34,11.77,12.34,157350
214,2010-06-29,12.24,12.24,12.15,12.15,204280
213,2010-06-28,12.24,12.34,12.15,12.24,123200
212,2010-06-25,12.24,12.34,12.24,12.24,88370
211,2010-06-24,12.34,12.43,12.34,12.34,137890
210,2010-06-23,12.24,12.43,12.24,12.43,40240
209,2010-06-22,12.53,12.62,12.34,12.43,145450
208,2010-06-21,12.43,12.43,12.24,12.43,70530
207,2010-06-18,12.34,12.43,12.24,12.24,139400
206,2010-06-17,12.34,12.34,12.24,12.34,91330
205,2010-06-16,12.43,12.43,12.34,12.34,132720
204,2010-06-15,12.34,12.34,12.24,12.34,67930
203,2010-06-14,12.34,12.43,12.34,12.34,107550
202,2010-06-11,12.53,12.53,12.24,12.24,176370
201,2010-06-10,12.24,12.43,12.24,12.34,83130
200,2010-06-09,12.43,12.53,12.34,12.34,193020
199,2010-06-08,12.34,12.53,12.24,12.43,147040
198,2010-06-07,12.24,12.53,12.15,12.53,367850
197,2010-06-04,12.53,12.62,12.53,12.62,292300
196,2010-06-03,12.81,12.81,12.53,12.53,292490
195,2010-06-02,12.53,12.81,12.43,12.72,273780
194,2010-06-01,12.34,12.72,12.34,12.62,122060
193,2010-05-31,12.72,12.81,12.62,12.62,103280
192,2010-05-28,12.91,13.0,12.53,12.91,463790
191,2010-05-27,12.05,12.43,12.05,12.43,208470
190,2010-05-26,12.34,12.34,12.15,12.34,157810
189,2010-05-25,11.96,12.34,11.96,12.24,174720
188,2010-05-24,12.24,12.24,11.86,12.15,228860
187,2010-05-21,12.24,12.43,12.05,12.05,419600
186,2010-05-20,12.34,12.72,12.34,12.62,286200
185,2010-05-19,12.72,12.72,12.53,12.62,365940
184,2010-05-18,12.81,12.91,12.81,12.81,264300
183,2010-05-17,13.0,13.0,12.72,12.91,265120
182,2010-05-14,13.0,13.19,12.91,13.1,108750
181,2010-05-13,13.1,13.1,12.91,13.0,263310
180,2010-05-12,13.1,13.1,12.91,13.0,343550
179,2010-05-11,13.29,13.29,13.1,13.19,196850
178,2010-05-10,13.29,13.29,13.1,13.1,183400
177,2010-05-07,13.38,13.38,13.1,13.29,658160
176,2010-05-06,13.57,13.57,13.38,13.48,431560
175,2010-05-05,13.57,13.67,13.48,13.48,413780
174,2010-05-04,13.57,13.76,13.57,13.67,304830
173,2010-04-29,13.76,13.86,13.57,13.57,332990
172,2010-04-28,13.67,13.76,13.57,13.67,369240
171,2010-04-27,13.76,13.76,13.67,13.67,263330
170,2010-04-26,13.95,13.95,13.76,13.76,351820
169,2010-04-22,13.57,14.05,13.38,13.86,502060
168,2010-04-21,13.48,13.57,13.38,13.38,220970
167,2010-04-20,13.57,13.67,13.29,13.29,394990
166,2010-04-19,13.67,13.76,13.48,13.48,229500
165,2010-04-16,13.86,13.86,13.67,13.67,200350
164,2010-04-15,13.95,13.95,13.76,13.86,242770
163,2010-04-14,13.86,13.86,13.67,13.76,233950
162,2010-04-13,14.05,14.14,13.76,13.76,296750
161,2010-04-12,14.05,14.24,13.95,13.95,356840
160,2010-04-09,13.95,14.05,13.86,13.95,418810
159,2010-04-08,14.05,14.05,13.86,13.86,353110
158,2010-04-07,14.14,14.14,13.86,13.95,380110
157,2010-04-06,13.86,14.14,13.86,14.05,564760
156,2010-04-05,13.76,13.95,13.57,13.86,460000
155,2010-04-02,13.67,13.76,13.48,13.57,346950
154,2010-04-01,13.0,13.57,13.0,13.57,486070
153,2010-03-31,13.29,13.38,13.0,13.0,387410
152,2010-03-30,13.38,13.38,13.29,13.29,228660
151,2010-03-29,13.48,13.57,13.29,13.38,259830
150,2010-03-26,13.48,13.48,13.19,13.48,398600
149,2010-03-25,13.38,13.57,13.19,13.29,475960
148,2010-03-24,13.67,13.76,13.38,13.67,464010
147,2010-03-23,13.76,13.86,13.48,13.48,499220
146,2010-03-22,13.95,14.05,13.76,13.76,320590
145,2010-03-19,14.14,14.24,13.95,13.95,227520
144,2010-03-18,13.95,14.24,13.76,14.24,610370
143,2010-03-17,14.24,14.24,13.76,13.76,440120
142,2010-03-16,14.62,14.62,14.05,14.05,942230
141,2010-03-15,15.0,15.0,14.52,14.71,828870
140,2010-03-12,14.71,14.9,14.52,14.9,616020
139,2010-03-11,14.81,14.81,14.52,14.62,459620
138,2010-03-10,14.62,14.9,14.52,14.62,700680
137,2010-03-09,14.05,14.71,13.95,14.62,1537330
136,2010-03-08,13.67,14.05,13.57,14.05,591490
135,2010-03-05,13.48,13.67,13.38,13.57,310120
134,2010-03-04,13.76,13.76,13.57,13.67,614710
133,2010-03-03,13.1,13.19,12.91,13.19,204990
132,2010-03-02,13.0,13.1,12.91,13.0,165280
131,2010-03-01,13.1,13.1,13.0,13.0,239360
130,2010-02-26,12.91,13.1,12.91,13.0,106860
129,2010-02-25,13.1,13.1,12.91,12.91,341620
128,2010-02-24,13.0,13.1,12.81,12.91,167400
127,2010-02-23,13.29,13.29,13.1,13.1,221780
126,2010-02-22,13.76,13.76,13.38,13.38,138210
125,2010-02-12,13.57,13.57,13.38,13.57,122200
124,2010-02-11,13.29,13.38,13.29,13.38,91210
123,2010-02-10,13.0,13.29,13.0,13.29,177610
122,2010-02-09,13.0,13.1,12.91,13.0,183810
121,2010-02-08,13.19,13.19,13.0,13.0,142140
120,2010-02-05,13.48,13.57,13.19,13.29,240080
119,2010-02-04,13.38,13.67,13.29,13.67,457760
118,2010-02-03,13.1,13.19,12.81,13.19,199250
117,2010-02-02,13.1,13.1,12.81,12.91,130920
116,2010-02-01,12.91,13.1,12.81,12.91,138650
115,2010-01-29,13.1,13.19,12.81,12.91,261910
114,2010-01-28,13.48,13.76,13.19,13.19,136810
113,2010-01-27,13.86,14.05,13.57,13.57,309610
112,2010-01-26,13.48,13.67,13.48,13.67,255400
111,2010-01-25,12.91,13.19,12.91,13.1,122370
110,2010-01-22,13.0,13.19,12.91,13.0,292340
109,2010-01-21,13.38,13.48,12.91,13.1,438440
108,2010-01-20,14.05,14.05,13.29,13.38,319560
107,2010-01-19,13.86,13.95,13.67,13.76,319620
106,2010-01-18,13.95,14.05,13.76,13.76,504790
105,2010-01-15,14.52,14.71,14.24,14.43,268010
104,2010-01-14,14.62,14.81,14.43,14.62,261710
103,2010-01-13,13.95,14.52,13.48,14.43,612760
102,2010-01-12,14.43,14.62,13.95,13.95,576290
101,2010-01-11,14.81,15.0,14.43,14.52,260140
100,2010-01-08,15.66,15.76,14.9,14.9,850510
99,2010-01-07,15.57,15.76,15.19,15.28,631690
98,2010-01-06,15.66,15.95,15.28,15.66,930340
97,2010-01-05,15.66,15.66,15.38,15.66,1129250
96,2010-01-04,14.62,15.0,14.52,15.0,405020
95,2009-12-31,14.9,14.9,14.33,14.33,731450
94,2009-12-30,14.33,14.62,14.14,14.52,600230
93,2009-12-29,13.86,14.33,13.76,14.33,1158880
92,2009-12-28,13.86,14.14,13.48,13.67,499500
91,2009-12-25,13.76,14.14,13.57,13.86,484290
90,2009-12-24,13.57,13.57,13.0,13.48,468900
89,2009-12-23,13.29,13.76,13.29,13.57,1219550
88,2009-12-22,13.19,13.19,13.19,13.19,61810
87,2009-12-21,12.57,12.64,12.38,12.64,445190
86,2009-12-18,11.86,12.05,11.79,12.05,510080
85,2009-12-17,11.73,11.79,11.46,11.53,799590
84,2009-12-16,12.51,12.51,12.05,12.05,296880
83,2009-12-15,12.83,12.96,12.64,12.64,240430
82,2009-12-14,12.51,12.64,12.12,12.64,411570
81,2009-12-11,12.38,12.77,12.05,12.05,416920
80,2009-12-10,13.03,13.03,12.64,12.64,289670
79,2009-12-09,13.16,13.29,12.9,12.9,469920
78,2009-12-08,13.68,13.81,13.29,13.55,830980
77,2009-12-07,13.55,13.68,13.29,13.68,314770
76,2009-12-04,13.03,13.42,12.96,13.42,527530
75,2009-12-03,12.83,13.03,12.38,12.83,410140
74,2009-12-02,13.16,13.55,12.9,12.9,1035480
73,2009-12-01,13.03,13.42,13.03,13.16,717830
72,2009-11-30,13.29,13.68,13.03,13.16,369050
71,2009-11-27,12.38,13.68,12.38,13.55,1155690
70,2009-11-26,13.03,13.16,13.03,13.03,441840
69,2009-11-25,14.2,14.2,13.68,13.68,1414730
68,2009-11-24,14.59,14.85,14.2,14.33,839030
67,2009-11-23,15.37,15.5,14.72,14.72,678470
66,2009-11-20,15.37,16.02,15.24,15.37,1279060
65,2009-11-19,16.02,16.29,15.5,15.5,692040
64,2009-11-18,15.89,16.02,15.37,16.02,1227740
63,2009-11-17,14.72,15.37,14.2,15.37,1044500
62,2009-11-16,15.11,15.24,14.72,14.72,410310
61,2009-11-13,14.85,15.37,14.85,15.11,367210
60,2009-11-12,14.72,15.37,14.72,14.98,402890
59,2009-11-11,14.33,14.72,14.07,14.72,284120
58,2009-11-10,14.59,14.85,14.07,14.07,559920
57,2009-11-09,14.98,15.24,14.72,14.72,426650
56,2009-11-06,15.63,15.63,15.24,15.37,728260
55,2009-11-05,14.59,14.98,14.33,14.98,351800
54,2009-11-04,14.72,15.11,14.33,14.33,463830
53,2009-11-03,14.98,15.24,14.59,14.59,842190
52,2009-11-02,15.5,15.89,15.24,15.24,507990
51,2009-10-30,16.16,16.29,15.76,16.02,346340
50,2009-10-29,16.02,16.16,15.63,15.76,522450
49,2009-10-28,16.81,16.81,16.29,16.42,303620
48,2009-10-27,15.76,16.55,15.76,16.55,826690
47,2009-10-26,16.42,16.68,15.63,15.89,814680
46,2009-10-23,16.68,17.07,15.89,15.89,777980
45,2009-10-22,17.07,17.07,16.68,16.68,531110
44,2009-10-21,17.2,17.33,16.94,17.07,388920
43,2009-10-20,17.33,17.46,17.07,17.46,843690
42,2009-10-19,17.46,17.59,16.81,17.07,778790
41,2009-10-16,18.11,18.37,17.46,17.46,888180
40,2009-10-15,18.11,18.11,17.85,18.11,1794380
39,2009-10-14,17.07,17.33,16.81,17.33,878260
38,2009-10-13,17.46,18.11,17.07,17.33,914910
37,2009-10-12,17.46,17.46,17.46,17.46,302880
36,2009-10-09,16.55,16.68,16.42,16.68,1874400
35,2009-10-08,16.29,16.29,15.89,15.89,835270
34,2009-10-07,16.55,16.94,16.29,16.29,687880
33,2009-10-06,16.81,16.94,16.42,16.42,720350
32,2009-10-05,15.89,16.42,15.5,16.42,1367350
31,2009-10-02,15.76,16.29,15.63,15.63,718960
30,2009-10-01,17.2,17.46,16.42,16.42,932980
29,2009-09-30,17.72,17.98,17.2,17.2,762150
28,2009-09-29,18.24,18.76,17.59,17.98,633580
27,2009-09-28,19.02,19.02,18.11,18.24,526570
26,2009-09-25,19.28,19.8,18.89,19.02,651310
25,2009-09-24,18.37,18.89,18.24,18.89,1795070
24,2009-09-23,18.11,18.11,18.11,18.11,98680
23,2009-09-22,17.33,17.33,17.33,17.33,72040
22,2009-09-21,16.55,16.55,16.55,16.55,315910
21,2009-09-18,15.11,15.76,15.11,15.76,618210
20,2009-09-17,15.24,15.37,14.33,15.11,733950
19,2009-09-16,14.98,14.98,14.46,14.98,1262020
18,2009-09-15,14.33,14.33,14.33,14.33,271220
17,2009-09-14,13.68,13.68,13.68,13.68,55900
16,2009-09-11,12.96,13.03,12.9,13.03,422220
15,2009-09-10,12.42,12.48,12.03,12.42,693920
14,2009-09-09,12.22,12.54,12.22,12.22,513680
13,2009-09-08,12.61,12.87,12.54,12.61,326720
12,2009-09-07,12.48,12.61,12.16,12.48,405040
11,2009-09-04,12.35,13.0,12.35,12.35,506740
10,2009-09-03,13.0,13.25,12.22,13.0,331850
9,2009-09-01,12.8,12.8,12.74,12.8,921830
8,2009-08-31,12.22,12.22,12.22,12.22,112000
7,2009-08-28,11.64,11.64,11.64,11.64,309600
6,2009-08-27,11.13,11.13,11.13,11.13,381720
5,2009-08-26,10.61,10.61,10.61,10.61,3310
4,2009-08-25,10.16,10.16,10.16,10.16,20
3,2009-08-24,9.71,9.71,9.71,9.71,10
2,2009-08-21,9.26,9.26,9.26,9.26,20
1,2009-08-20,8.88,8.88,8.88,8.88,10
0,2009-08-19,8.49,8.49,8.49,8.49,2100
